350306, 534786, 946328, 631428, 162684, 872483, 583062, 982411, 118442, 918370, 703764, 242867, 888447, 218084, 921494, 568469, 817901, 949852, 569390, 699426, 357417, 908803, 128332, 623660, 146059, 566835, 379729, 366414, 837937, 883814, 798433, 702361, 747586, 830086, 240631, 866205, 586896, 427888, 566130, 141104, 433719, 293610, 651949, 371358, 652386, 650589, 590285, 580397, 869932, 832401, 430387, 159947, 742980, 780804, 783441, 230998, 829322, 203335, 146201, 870568, 986391, 827765, 211953, 924605
907513, 104113, 519811, 860291, 893659, 116987, 958097, 494493, 284931, 176046, 161062, 972499, 914452, 359833, 496519, 277914, 371572, 407864, 983880, 647388, 811304, 934286, 518587, 936035, 389372, 381729, 205507, 728807, 107711, 411666, 990246, 985297, 502058, 907704, 844929, 490667, 812097, 567768, 749942, 735815, 556114, 296995, 504161, 658729, 677371, 417420, 935496, 903153, 129032, 892228, 159312, 663977, 213370, 127092, 476332, 676903, 232707, 802199, 165713, 965119, 415693, 760689, 769893, 727529
702490, 575919, 382613, 486154, 109798, 132380, 782278, 591202, 508617, 235934, 981571, 202129, 798617, 918155, 562389, 813414, 272077, 658059, 403377, 442566, 182428, 651179, 587082, 528437, 144067, 874235, 797768, 741796, 110149, 450373, 438161, 568504, 223789, 846090, 367203, 183219, 237999, 789883, 334083, 737793, 874988, 951345, 597936, 181632, 601300, 857769, 395057, 204653, 431558, 138816, 553805, 911143, 757651, 187814, 402073, 104450, 105697, 869570, 513003, 864043, 293099, 219778, 295918, 350227
770757, 874749, 856238, 362010, 320094, 276456, 782579, 896377, 222718, 516657, 208331, 220427, 827343, 695259, 305216, 917593, 893336, 148246, 579305, 881441, 650947, 522778, 813691, 565186, 377504, 702048, 673056, 911111, 845347, 478525, 461568, 190893, 451561, 236764, 421116, 193747, 734104, 164759, 992410, 851069, 535332, 470386, 363930, 357285, 542093, 210836, 639782, 113566, 501222, 689378, 474632, 144966, 949713, 365274, 298038, 661096, 278053, 625321, 977801, 477931, 856210, 672809, 596204, 468123
256475, 121467, 885807, 817394, 600097, 799677, 257722, 125282, 830625, 804072, 841183, 846466, 675572, 661064, 516104, 904050, 119957, 796824, 656400, 876780, 558975, 546970, 626574, 716393, 877396, 521009, 985707, 908685, 382810, 779899, 520724, 182769, 471359, 780174, 162380, 809451, 683582, 670637, 655321, 919324, 645306, 897126, 139742, 575190, 531495, 700684, 829129, 231687, 628968, 334093, 364963, 713990, 732306, 524751, 696229, 716217, 508976, 539275, 943018, 989921, 776992, 727014, 950399, 754562
507291, 436104, 536470, 501267, 769265, 138427, 854490, 118750, 975026, 705826, 494717, 189557, 387658, 117971, 750701, 968530, 510756, 877043, 895974, 572808, 358479, 461708, 768865, 180747, 305950, 182701, 247241, 272089, 376392, 640574, 557870, 516580, 846672, 931231, 235091, 973117, 881600, 431292, 117761, 784478, 429870, 133807, 361439, 656275, 727617, 331122, 740793, 155078, 570060, 348575, 725437, 978694, 400408, 430086, 523525, 744820, 944001, 522442, 619470, 997802, 379479, 568888, 102663, 523304
472804, 248101, 424261, 761212, 261229, 946467, 811187, 595405, 545234, 624000, 327143, 400133, 112783, 473020, 998032, 285464, 964005, 741348, 948075, 829397, 511859, 357872, 903573, 393672, 973981, 357685, 778299, 809449, 350159, 700615, 105485, 659397, 434171, 621423, 407217, 825126, 920926, 255589, 720019, 903618, 908160, 244651, 346106, 309981, 987706, 515013, 874998, 500732, 695730, 842680, 956374, 891207, 369954, 948286, 843926, 347578, 991863, 760227, 637045, 263529, 159189, 909504, 272676, 260173
590296, 175569, 236090, 111791, 375669, 230005, 241189, 862223, 739071, 351490, 521820, 287761, 625765, 230018, 932815, 362853, 720888, 645582, 100224, 811762, 783563, 926565, 473034, 775583, 920531, 109513, 937151, 224350, 869614, 125718, 649105, 732788, 357728, 864416, 607814, 363561, 715736, 119016, 699438, 298473, 272593, 742106, 225200, 715092, 557108, 129222, 874976, 218600, 748443, 347513, 972782, 678633, 704912, 325048, 616984, 472587, 555924, 463737, 788543, 648092, 526300, 768029, 753910, 423728
841366, 459118, 587959, 371913, 239465, 486385, 252817, 824931, 493786, 902823, 843484, 213850, 404299, 352582, 873292, 496985, 239870, 298799, 175043, 383776, 547895, 430156, 909153, 498225, 696095, 339656, 629815, 695287, 254917, 884362, 528346, 737939, 396735, 483503, 404338, 626148, 612686, 345060, 678450, 646866, 789823, 715069, 417986, 522424, 865614, 569397, 154839, 192780, 951717, 791586, 506629, 479051, 676899, 349428, 481867, 162758, 418263, 942922, 144428, 568259, 534187, 373328, 250110, 151442
828542, 750233, 184891, 107725, 585930, 466518, 740117, 856746, 440708, 452368, 410663, 318784, 775233, 679847, 279142, 185492, 825621, 496583, 902582, 439487, 236919, 475044, 652921, 491101, 884065, 523475, 613090, 909685, 410292, 293988, 208840, 375584, 385592, 677279, 981686, 277720, 256544, 975738, 141759, 275902, 223564, 340596, 341294, 324648, 841896, 328497, 463772, 511717, 890866, 976819, 596379, 133966, 950425, 202001, 357615, 535755, 247521, 150646, 756732, 807871, 280770, 223897, 582683, 602194
259280, 286933, 588262, 979097, 804950, 202564, 444563, 150595, 927036, 539677, 240893, 621858, 899047, 349574, 698301, 672949, 961567, 410808, 661656, 587310, 726572, 806286, 441074, 665988, 240250, 795081, 364736, 666935, 209883, 823620, 825083, 280252, 829387, 805262, 977680, 748452, 375791, 398569, 433493, 326061, 975479, 353950, 939254, 584452, 400738, 344347, 904781, 511221, 748289, 863819, 147440, 749778, 735284, 379600, 883492, 422268, 741168, 130367, 281040, 230864, 160642, 431287, 885356, 355217
362509, 256672, 717560, 157038, 398639, 330429, 104009, 627791, 779617, 333165, 468734, 273890, 676190, 388387, 539409, 205756, 229691, 583008, 308457, 423374, 891796, 224074, 314604, 165190, 790728, 274187, 108209, 488830, 489114, 798217, 808659, 961894, 641433, 211741, 387586, 246793, 622777, 222450, 857972, 586206, 817120, 818492, 336761, 180782, 633885, 252691, 289772, 837436, 707794, 907946, 896229, 681110, 160786, 352592, 913899, 638711, 440581, 534723, 787623, 168982, 859177, 219979, 851507, 992526
563507, 246522, 508594, 228363, 406003, 608318, 923513, 684910, 852213, 177281, 630923, 315325, 755140, 242110, 445986, 705098, 352201, 905023, 694313, 857534, 299889, 818295, 781831, 111522, 780492, 594681, 461141, 697130, 235890, 475828, 374801, 502079, 269952, 520523, 606827, 906823, 668448, 430101, 651388, 885042, 105351, 219310, 576439, 176932, 788151, 260216, 551064, 497082, 599013, 233586, 663384, 817755, 190101, 145906, 298659, 149084, 949729, 149634, 378080, 176624, 930137, 430869, 872527, 906987
444164, 166149, 124370, 671281, 484068, 181066, 398818, 526047, 194616, 314360, 191618, 354325, 164219, 993366, 308816, 343519, 969513, 954198, 885176, 112191, 658402, 994134, 768739, 863801, 127591, 171410, 567308, 898523, 807425, 328356, 892435, 486502, 859202, 698714, 695563, 875709, 951619, 297649, 126286, 966057, 907052, 344115, 530288, 608614, 298098, 621195, 954640, 594958, 327194, 197569, 976011, 860768, 767132, 905430, 119755, 630445, 757475, 103773, 552765, 242143, 997008, 195668, 659681, 277509
541438, 654270, 871482, 936479, 207073, 975103, 812644, 116931, 561864, 706323, 354917, 299402, 777825, 280907, 265596, 594299, 556443, 548549, 221206, 322833, 115719, 732103, 372928, 726891, 299128, 554231, 968695, 987664, 865161, 275002, 476091, 290172, 301630, 711527, 477698, 602892, 529986, 685127, 717768, 686210, 338127, 249516, 313060, 128469, 138669, 454219, 318902, 776953, 292145, 219735, 760829, 298406, 605383, 220860, 280741, 792936, 665386, 516244, 401949, 602754, 723376, 298569, 806055, 466111
833091, 794408, 601864, 462647, 773066, 617182, 998111, 560890, 490598, 531058, 446387, 595676, 657368, 477278, 371492, 566205, 509312, 291083, 261732, 711379, 485376, 704521, 739423, 847127, 221695, 903912, 564821, 757609, 947881, 955798, 701544, 288225, 708115, 876949, 781872, 118419, 738525, 518007, 184268, 518238, 697329, 618329, 850196, 768657, 483335, 358777, 771626, 309370, 876203, 739126, 910126, 542285, 462198, 101219, 267056, 819789, 268216, 817063, 666016, 230362, 837848, 541524, 152130, 620471
594322, 530465, 489246, 166678, 693983, 642246, 795091, 776547, 248211, 598772, 751052, 482986, 924735, 949967, 824266, 661990, 453014, 283146, 586656, 712198, 688461, 126429, 640094, 280542, 133788, 537060, 908389, 610088, 248449, 557815, 837658, 348341, 483715, 727777, 282294, 214900, 633268, 417632, 564761, 556572, 230736, 300377, 483966, 658010, 465858, 541109, 341354, 529170, 937702, 153659, 549438, 796084, 667561, 204939, 711852, 412829, 388940, 518421, 668455, 853703, 480840, 949620, 654963, 629166
692619, 371466, 787195, 617375, 411360, 752088, 222753, 631967, 220205, 986426, 987696, 806677, 945046, 295358, 609357, 387669, 820895, 543263, 281356, 470922, 817870, 915778, 556703, 699295, 803471, 643852, 422793, 391403, 496049, 944990, 501969, 865143, 290670, 877294, 679666, 333068, 440584, 773635, 386767, 810526, 838222, 460685, 966884, 562927, 778366, 939902, 858071, 648769, 375364, 748969, 494381, 213404, 672865, 206261, 347194, 407000, 919303, 309694, 534224, 253288, 904032, 643593, 379224, 131459
367982, 101794, 531039, 867472, 728238, 263156, 441255, 782413, 731990, 146852, 154079, 768476, 176541, 110890, 383181, 901899, 569050, 662316, 581799, 328638, 122532, 751577, 453089, 665243, 222616, 407487, 623232, 228178, 974745, 193450, 987181, 979975, 231378, 604890, 653030, 120158, 391831, 518079, 447150, 502977, 783530, 513044, 991429, 895409, 942233, 608437, 168178, 331750, 128996, 132734, 711100, 944773, 639772, 769025, 228056, 941341, 345735, 170532, 446333, 909022, 808032, 301493, 773619, 698007
720540, 809514, 223274, 185514, 664807, 359865, 935303, 677134, 729005, 935953, 443065, 360864, 825972, 552596, 343690, 334376, 530726, 264209, 750321, 860643, 799021, 792258, 132740, 545490, 484631, 731039, 459690, 954142, 962010, 646812, 507630, 222534, 704176, 161670, 329680, 706344, 698115, 305110, 331126, 456328, 622436, 510031, 927168, 510239, 147988, 183994, 160633, 604898, 369350, 136155, 863977, 186382, 863516, 303951, 159944, 415341, 664429, 925924, 624268, 386024, 418249, 193142, 938339, 131530
381651, 771138, 657180, 613356, 201325, 415048, 915776, 740834, 591282, 596354, 913310, 759777, 342204, 381787, 371844, 709739, 857989, 586510, 427978, 455289, 848427, 659292, 234568, 846019, 334989, 398729, 528935, 738639, 125586, 342388, 465717, 937876, 444489, 950737, 113426, 653994, 928650, 992325, 949352, 612881, 621948, 551102, 306775, 640378, 951664, 893580, 991054, 510325, 540650, 990111, 266966, 699736, 285343, 233310, 495528, 567144, 816378, 915585, 455103, 191367, 213433, 465388, 276008, 674875
110645, 472713, 662294, 305271, 290047, 452385, 563346, 987688, 269861, 175478, 296271, 835390, 162483, 831712, 643995, 775093, 232407, 964706, 804978, 292671, 777085, 462792, 685133, 116239, 290777, 326368, 159320, 536997, 334659, 375602, 174785, 488113, 771483, 256380, 696331, 143238, 823566, 980495, 449698, 180860, 764882, 179840, 972265, 701377, 821931, 848812, 547792, 508382, 857680, 786699, 858658, 955042, 708583, 324623, 822330, 489965, 493325, 290841, 230101, 450779, 292434, 516504, 650018, 967979
391393, 252768, 218902, 794570, 323613, 459619, 337341, 460993, 426822, 851022, 776011, 601112, 696923, 296067, 747888, 182085, 464890, 621966, 694729, 814357, 995267, 745190, 250707, 126326, 800346, 266338, 764603, 928159, 531243, 951669, 383729, 753948, 154696, 215239, 861499, 730329, 215982, 953106, 312518, 365802, 241702, 135766, 270135, 468598, 629223, 560761, 752447, 804318, 757432, 162623, 393549, 125389, 852915, 795265, 984829, 350237, 165574, 927725, 233998, 623555, 379155, 725146, 328242, 530457
734390, 614278, 379934, 541831, 156103, 507279, 293889, 639949, 780821, 225450, 854386, 968078, 634835, 770179, 504161, 121660, 682799, 113457, 697040, 778493, 208797, 614069, 431323, 778999, 204690, 797967, 186930, 323229, 152364, 922653, 908999, 127254, 469807, 305553, 236642, 324102, 221226, 190606, 969651, 520027, 698808, 475167, 121183, 339798, 483747, 658420, 767771, 460308, 605315, 735258, 858935, 119129, 779555, 555285, 128433, 845848, 995172, 845564, 807082, 688384, 863836, 966578, 432246, 362278
118934, 809436, 692685, 757803, 795005, 438308, 587550, 986539, 472595, 707753, 721731, 517730, 636443, 781345, 589584, 598906, 820663, 521452, 548581, 887701, 477803, 427670, 805603, 995987, 871616, 974344, 592475, 112225, 657733, 682860, 999138, 605374, 205200, 625563, 487745, 667915, 396962, 200836, 992456, 601391, 204905, 732028, 424771, 854180, 815487, 412669, 221764, 263937, 670383, 995165, 808000, 819653, 634520, 588427, 714358, 435293, 489194, 231079, 325353, 183730, 966189, 248863, 890127, 833586
251488, 260738, 795235, 395353, 582335, 844963, 663989, 761435, 366782, 784364, 898465, 781777, 797395, 971836, 867676, 942334, 265456, 608767, 126026, 918717, 480973, 702248, 497453, 620681, 815300, 689101, 239896, 779848, 810102, 847711, 608610, 474581, 110507, 640933, 432694, 410761, 559767, 426036, 936295, 566469, 622872, 697037, 886817, 547742, 723227, 163859, 891995, 814757, 424318, 749383, 134888, 423122, 133872, 751234, 656364, 133965, 554741, 315150, 788076, 733592, 718502, 503617, 376606, 276252
482389, 536632, 830944, 612303, 993837, 665676, 619780, 410815, 193848, 575443, 845705, 189310, 782299, 503765, 153765, 804201, 572796, 241225, 605630, 692118, 385316, 757644, 448248, 446426, 604991, 730462, 183208, 794069, 128415, 189081, 573351, 629851, 295937, 872270, 374883, 245503, 938023, 115102, 435791, 967358, 319844, 285745, 116827, 244965, 310839, 202071, 720574, 683647, 907535, 257657, 800559, 871007, 299756, 495899, 559220, 136071, 410406, 920496, 690705, 797011, 719655, 214970, 658626, 533765
707923, 765373, 135748, 139790, 727336, 589310, 436909, 660565, 977376, 431261, 683292, 539527, 198355, 883916, 552843, 627963, 386746, 430091, 840897, 927424, 699406, 680930, 258052, 728294, 111919, 606202, 665707, 863718, 760929, 174232, 389938, 649199, 669808, 700727, 125959, 270862, 577492, 121473, 291137, 837625, 346319, 693993, 428528, 474232, 627187, 871112, 773007, 359440, 302690, 699315, 347798, 296941, 685581, 545781, 146316, 570988, 915805, 363918, 152378, 453891, 810992, 135784, 591739, 843661
159675, 950609, 561775, 603285, 412943, 841018, 568047, 408446, 815926, 795723, 658586, 823372, 236124, 861376, 568334, 472179, 897834, 580005, 447635, 152763, 319565, 997449, 332337, 918604, 123349, 439522, 748322, 168892, 661946, 975677, 316609, 173522, 381593, 662751, 681249, 607958, 403325, 400862, 505179, 549175, 788056, 540597, 196960, 317688, 413424, 674248, 696877, 115512, 611799, 316724, 936188, 615548, 253874, 792785, 641846, 365116, 475803, 245800, 947014, 592551, 688514, 223851, 925769, 143699
515726, 294357, 455522, 614533, 908641, 462912, 710986, 527417, 554042, 928220, 122660, 619855, 484980, 692306, 612590, 372626, 155628, 456886, 639796, 770982, 908576, 510882, 565023, 187821, 198610, 719477, 794411, 827670, 823116, 400999, 428854, 653572, 833981, 632103, 484339, 667638, 202049, 783668, 695199, 305432, 603359, 580948, 417291, 101189, 815533, 501780, 720631, 481878, 635086, 176829, 366240, 513004, 210587, 780111, 256593, 740054, 877279, 161469, 390869, 390207, 253275, 983589, 143020, 183544
482763, 805353, 806939, 568989, 350432, 625391, 204926, 166919, 171340, 859921, 306329, 845038, 133949, 846690, 824780, 255192, 599392, 261342, 972708, 925602, 965447, 997869, 392430, 801897, 910501, 555028, 590887, 882805, 710229, 911831, 627664, 806212, 416795, 105487, 493373, 708847, 323522, 481828, 704523, 821787, 400453, 958823, 620081, 202334, 624393, 229551, 586800, 886315, 806279, 503598, 821604, 859452, 257480, 341455, 526397, 599931, 535177, 481582, 248167, 875053, 265405, 193107, 771172, 819931
498162, 745613, 985788, 463231, 275275, 664103, 761195, 347079, 560749, 722858, 805464, 471945, 292502, 831279, 741446, 507108, 963431, 838399, 220740, 776046, 580546, 422601, 720031, 334047, 990318, 899999, 723895, 128505, 450807, 495501, 636942, 454163, 679123, 110038, 403805, 666016, 755679, 368461, 156129, 478849, 265640, 227214, 888275, 349540, 946502, 121047, 943541, 900982, 733411, 432326, 751367, 608684, 400953, 794768, 374362, 971402, 622040, 621658, 158588, 230319, 852679, 838680, 846962, 951933
702979, 980608, 348900, 465032, 578467, 385930, 768657, 469115, 544955, 780742, 117091, 837729, 335103, 721818, 903390, 131670, 751455, 339895, 278706, 621771, 779889, 791511, 167280, 316624, 511085, 232597, 490810, 171649, 980017, 291240, 137234, 503952, 603173, 830781, 407476, 514667, 168313, 244785, 738784, 544713, 866154, 574664, 263343, 188246, 402211, 984077, 603335, 243608, 455808, 516614, 221385, 452382, 280846, 935858, 942088, 914564, 721295, 880642, 786612, 516421, 490009, 516338, 187252, 910782
620446, 351299, 318355, 990843, 362054, 794934, 682609, 549472, 978232, 234470, 413689, 856342, 347480, 111459, 286291, 228592, 263626, 712519, 132304, 835673, 787508, 342390, 468899, 712955, 125346, 522199, 552335, 233102, 304675, 338249, 354011, 463964, 201873, 441700, 973539, 940621, 827758, 492398, 486120, 319092, 587433, 106166, 122343, 170869, 738272, 214704, 425414, 631345, 643072, 975437, 122059, 310672, 686503, 659510, 824519, 706665, 498603, 103206, 639888, 798609, 766195, 391810, 245484, 653309
436195, 266133, 714217, 868630, 866741, 307468, 721065, 157593, 904707, 560170, 188411, 132935, 360161, 815625, 565765, 872304, 947334, 551086, 848509, 113687, 362508, 122663, 877879, 260097, 690221, 899748, 886328, 118048, 954509, 776432, 716874, 745975, 318199, 309610, 714760, 880137, 984383, 783908, 688249, 430114, 759559, 727671, 574937, 448481, 100605, 179393, 281683, 256480, 963074, 474652, 926891, 495490, 960101, 594908, 293943, 327544, 713325, 825541, 160398, 645520, 821590, 692999, 839033, 540763
802226, 847607, 723590, 387994, 878481, 354539, 497371, 189988, 885659, 840177, 138503, 602005, 889402, 231436, 471572, 134134, 400661, 226509, 340665, 599078, 870551, 887626, 175884, 882498, 412431, 966365, 363477, 308182, 657168, 901692, 406013, 957728, 864600, 183408, 877573, 114589, 394509, 626100, 694419, 971218, 470947, 950572, 198631, 818937, 823259, 617119, 782860, 349414, 553574, 130355, 874795, 875669, 805479, 766692, 343961, 299634, 598998, 763136, 301008, 980421, 189376, 628098, 298427, 808664
558956, 898793, 591530, 488486, 602200, 153204, 840070, 133473, 665026, 159260, 268702, 767264, 161604, 782510, 512736, 420676, 195798, 515491, 682468, 208453, 860855, 155134, 118082, 458333, 898822, 156514, 310244, 808465, 480362, 659437, 536885, 864536, 329554, 572469, 801145, 619721, 933367, 728734, 868342, 172485, 267421, 301685, 410320, 894974, 273816, 428748, 202579, 428899, 199340, 468689, 588713, 847529, 433292, 690445, 237067, 800759, 465668, 614743, 191156, 505230, 558706, 554482, 671122, 922035
997359, 809962, 266517, 869787, 961164, 634406, 432746, 864722, 905815, 910122, 981889, 479719, 326877, 787501, 889929, 568600, 107977, 570321, 780286, 979637, 946795, 343780, 683481, 476883, 659572, 753842, 442726, 611952, 614109, 725349, 997555, 587198, 358823, 761370, 796420, 683919, 291549, 889537, 279843, 595707, 376917, 436849, 910644, 408624, 169718, 355557, 892519, 490486, 145588, 469143, 965159, 194621, 360726, 691928, 441391, 495014, 105849, 991977, 338876, 360876, 892397, 536761, 859710, 468845
839197, 265051, 631304, 352664, 877932, 574434, 877607, 888021, 981083, 849692, 558895, 304907, 161767, 430377, 611472, 675794, 915311, 190391, 965447, 455862, 241075, 469404, 463474, 228452, 551479, 263470, 838716, 522964, 872935, 189762, 142486, 641907, 489366, 162815, 681606, 882924, 729791, 504830, 371193, 731187, 766732, 341793, 413716, 321134, 647252, 959501, 868456, 882240, 433278, 698885, 551012, 230962, 447524, 642500, 952804, 271040, 455028, 532407, 505607, 174910, 362704, 192085, 402111, 189765
457333, 290107, 641154, 932863, 864600, 879048, 677149, 976650, 584876, 360914, 456391, 608204, 906401, 436196, 680243, 788947, 385894, 848277, 104608, 410055, 545455, 976037, 786699, 170863, 504753, 351414, 195140, 214685, 769002, 112965, 588062, 945399, 952286, 790531, 504927, 207235, 284541, 829045, 472343, 167342, 373568, 271204, 316942, 803801, 619697, 927202, 498038, 349472, 554378, 932474, 925824, 202600, 155766, 922066, 506186, 880133, 888501, 218144, 899094, 481925, 710843, 639078, 751605, 297085
665079, 436171, 480162, 732941, 847472, 840408, 570380, 201522, 997739, 118155, 295819, 629289, 641738, 799547, 886100, 690971, 850287, 739562, 568455, 803561, 776799, 288704, 414822, 744853, 424481, 409641, 709248, 592266, 788837, 435053, 429963, 311146, 483169, 804967, 734511, 760402, 162679, 210821, 525439, 145675, 739091, 591420, 554339, 422416, 155439, 408388, 595953, 870519, 561689, 293431, 102203, 356318, 244077, 945378, 673953, 332692, 525596, 483589, 739079, 278401, 810126, 784973, 831553, 980882
343747, 367659, 688490, 379749, 597237, 746673, 674549, 948973, 523129, 374472, 419450, 811171, 335845, 736753, 167314, 514057, 332331, 414262, 402142, 934012, 947683, 439020, 776513, 696853, 161127, 488264, 245167, 975900, 624632, 140347, 566045, 581867, 150495, 460715, 908503, 579194, 990797, 977999, 325520, 923147, 447203, 843078, 775476, 208980, 710638, 178069, 237178, 426949, 849578, 232123, 817237, 266677, 934631, 899507, 117258, 180046, 550089, 741254, 642971, 950353, 198121, 216362, 324546, 184231
108409, 938011, 880633, 350917, 546405, 797107, 463190, 407579, 211093, 134249, 270197, 765529, 795663, 805188, 393869, 170814, 247097, 735771, 199332, 237759, 736156, 206986, 788702, 938097, 684644, 449586, 355025, 354803, 994691, 425422, 937300, 851194, 140502, 592142, 934070, 990074, 749856, 697298, 486858, 150734, 266834, 927525, 991552, 355269, 914572, 349491, 608431, 895625, 354685, 460104, 541999, 711949, 949189, 562918, 609987, 734482, 638012, 947682, 417011, 122838, 148908, 760860, 167063, 534842
375385, 336250, 128944, 424974, 210369, 153504, 282385, 442235, 236511, 416877, 340442, 325324, 738761, 113653, 888965, 889018, 738937, 223286, 149049, 128627, 473576, 955706, 897788, 774630, 831382, 744009, 370982, 430350, 431015, 719815, 692560, 152473, 111079, 271825, 826507, 287539, 233582, 252079, 741837, 261268, 749279, 860343, 326983, 559074, 862378, 729086, 832434, 378980, 396721, 986171, 861959, 410277, 385224, 666522, 117325, 925601, 189078, 103802, 981869, 276591, 214360, 670628, 898690, 129387
737124, 353512, 956429, 586015, 930314, 146166, 219685, 691981, 264599, 520277, 342730, 670204, 568691, 199875, 684954, 853756, 237611, 714218, 651549, 907575, 237961, 149595, 977307, 175543, 969087, 454954, 570062, 611886, 657922, 597766, 854930, 722245, 916563, 403411, 751960, 148773, 292249, 376550, 865466, 757116, 945514, 681340, 909193, 443244, 642217, 303959, 710242, 971606, 619112, 374295, 164799, 637438, 693775, 205521, 390505, 845819, 929013, 813614, 656587, 106653, 719979, 223970, 414946, 323323
206104, 206022, 280337, 201177, 736095, 918101, 196785, 951314, 287325, 175456, 467718, 104584, 257742, 482703, 537612, 216709, 654511, 268565, 306992, 377868, 569182, 161742, 309083, 293857, 769277, 816600, 138825, 348850, 156054, 340747, 426424, 349121, 272632, 354581, 724700, 902863, 531008, 858998, 732431, 888902, 294419, 751798, 278374, 592803, 400647, 171358, 585439, 881406, 255266, 772442, 844405, 770231, 711866, 542280, 923670, 999487, 397275, 375421, 893292, 731776, 331655, 785269, 123736, 889738
546007, 792500, 228541, 997947, 396384, 905534, 512984, 191594, 863441, 770096, 162093, 939345, 694937, 716025, 242140, 694580, 198853, 589496, 989491, 612914, 704135, 284883, 273661, 543879, 381362, 684273, 212728, 970299, 399170, 840085, 749060, 744491, 237400, 608087, 524375, 556466, 530083, 634176, 383438, 985011, 814618, 638978, 217214, 483110, 229862, 535283, 946537, 939901, 661981, 895972, 544971, 497009, 951369, 625410, 855860, 871982, 576743, 865991, 217424, 109335, 476970, 548414, 207298, 651000
257440, 840722, 108591, 967111, 541613, 389329, 912375, 637013, 396723, 910338, 579294, 162678, 794259, 397248, 836424, 573035, 813837, 367666, 143012, 229608, 380932, 264233, 856927, 796615, 361309, 575765, 751801, 858857, 841733, 434020, 165781, 833220, 218130, 671128, 167817, 235661, 950338, 377412, 291382, 588483, 703712, 920611, 604369, 458806, 442181, 643189, 532992, 596018, 558362, 847350, 410592, 719244, 322300, 318109, 902403, 753351, 188665, 189966, 338871, 521155, 253782, 420316, 336833, 612132
985523, 159583, 965929, 500122, 137702, 702861, 269135, 758642, 168772, 302553, 448315, 947256, 935422, 279397, 409810, 145063, 218312, 294564, 815493, 130703, 166837, 533937, 264131, 948002, 354878, 401797, 419950, 513819, 948481, 419449, 956075, 498891, 496038, 617273, 851763, 386145, 462589, 106113, 967623, 644694, 486403, 562167, 667776, 352850, 997220, 826308, 228484, 219166, 902938, 457712, 285652, 236583, 694323, 242713, 316963, 934763, 496881, 154896, 217666, 413892, 726058, 873456, 376278, 301582
229200, 641948, 127466, 897399, 850827, 207027, 280192, 375874, 508130, 924243, 449891, 495607, 512025, 523303, 680889, 273099, 284757, 697710, 878324, 319975, 289818, 622538, 719271, 874392, 470005, 598209, 702454, 801522, 623829, 947156, 940614, 216321, 822004, 503066, 401075, 542446, 578644, 999352, 988225, 131019, 820965, 395871, 247242, 523643, 185507, 825346, 225109, 734849, 990748, 632050, 204360, 290243, 981998, 567224, 644628, 288442, 595535, 597070, 898703, 524793, 439686, 754874, 155103, 130072
657943, 474888, 552562, 333052, 497565, 321699, 608683, 243236, 130319, 796688, 843479, 354515, 116037, 200583, 399037, 752853, 755475, 630415, 569587, 286415, 171828, 833141, 669997, 608008, 232674, 630953, 343441, 860270, 315970, 191733, 773158, 673222, 466845, 653658, 867755, 551700, 404200, 990249, 974756, 651746, 442021, 539802, 189582, 766833, 313826, 407213, 525780, 318618, 337695, 832603, 153082, 473536, 346222, 808023, 213207, 822292, 387827, 947431, 519263, 514851, 345675, 396889, 130270, 871296
162888, 102596, 500193, 421354, 465946, 495388, 567503, 224473, 783370, 681329, 401621, 204107, 425888, 553061, 980382, 800901, 796996, 697864, 839009, 361224, 985825, 523410, 879764, 417906, 817478, 421052, 488863, 390638, 588102, 355931, 421611, 226297, 144383, 619354, 253690, 133746, 695351, 143731, 511408, 325917, 623299, 402377, 451150, 410611, 947010, 683493, 682943, 708106, 386757, 131275, 116172, 366141, 254002, 123641, 691658, 503544, 415550, 699228, 503795, 803682, 739543, 133326, 300850, 997190
148068, 476560, 305400, 172352, 442020, 260287, 771883, 574017, 329683, 677878, 546046, 763135, 916427, 204865, 432924, 976700, 356199, 221401, 531134, 427474, 332771, 560256, 923612, 692664, 779903, 273179, 882144, 385875, 297058, 980519, 118102, 530139, 450715, 570361, 737023, 564968, 620611, 707094, 367621, 642298, 462239, 308684, 303977, 451106, 386049, 583467, 991864, 820561, 134157, 636740, 361884, 970106, 689017, 444828, 723215, 869670, 128718, 764812, 844074, 291669, 742700, 270297, 995451, 616812
856073, 876651, 439221, 549215, 305434, 292812, 448417, 551003, 782442, 160639, 138323, 968944, 756135, 347322, 268919, 510106, 940188, 922785, 590346, 984332, 387641, 176256, 654853, 681400, 861423, 793381, 381684, 649564, 873655, 908696, 796326, 204332, 312754, 378808, 269436, 429271, 791947, 347828, 691620, 536217, 568217, 730434, 561887, 507742, 149825, 998047, 973054, 573998, 326456, 886788, 482860, 169593, 202277, 991905, 160229, 144799, 624229, 803353, 454052, 789500, 850952, 942361, 677721, 235183
952057, 405014, 374138, 600262, 946876, 994114, 678512, 391624, 445647, 236683, 243314, 191870, 657010, 558288, 937232, 834399, 797891, 948545, 218566, 914902, 420131, 513330, 509968, 700050, 747252, 159483, 732924, 715018, 859492, 554127, 603578, 169579, 554851, 720727, 342449, 860095, 968623, 744107, 972971, 188252, 272625, 521420, 961169, 582214, 529632, 645569, 189137, 679266, 112196, 866315, 372923, 174104, 515445, 379367, 604523, 725155, 173666, 201216, 508193, 931193, 239469, 492431, 459245, 819538
823923, 830736, 305957, 425431, 407370, 243394, 598297, 466856, 359651, 123994, 510717, 689737, 799150, 763460, 928485, 653738, 158109, 794168, 787504, 726866, 231553, 473813, 400763, 914215, 627728, 129693, 325782, 921117, 961832, 705292, 927092, 538393, 401742, 567189, 410172, 516864, 179119, 697147, 412540, 459232, 124328, 271050, 628509, 106619, 445440, 822960, 201809, 286668, 464466, 861627, 691145, 403704, 229673, 342351, 935011, 370002, 771077, 757860, 736257, 959914, 922298, 120698, 879573, 465395
240855, 590970, 375544, 197295, 702948, 685643, 285786, 345690, 899364, 949582, 380339, 131376, 504218, 362934, 349240, 501660, 952936, 237575, 740074, 194846, 482771, 620426, 542856, 489143, 467074, 654826, 792196, 359060, 432229, 669934, 247891, 194933, 856179, 860819, 715678, 366937, 850443, 849061, 124982, 912520, 941564, 748923, 338084, 644252, 807648, 580652, 365118, 168909, 539779, 116465, 196822, 641368, 852514, 599417, 171629, 147147, 417070, 675331, 605348, 868367, 662671, 820827, 160947, 302739
146277, 230260, 130642, 154897, 720234, 326782, 100724, 276447, 810676, 536741, 403572, 225652, 283606, 967046, 383432, 634004, 146694, 621486, 758930, 408282, 374809, 136464, 556950, 810626, 288362, 696035, 889029, 271792, 530522, 888534, 459895, 760224, 427346, 248753, 753688, 273067, 139172, 751497, 285113, 525426, 132879, 334783, 719431, 794026, 500704, 531927, 473305, 576837, 493398, 395440, 524546, 741785, 799518, 820836, 244775, 563823, 126653, 153277, 972875, 559146, 125292, 305298, 281093, 156753
756317, 190653, 425907, 148347, 486716, 763227, 997224, 793718, 234129, 279583, 476032, 835860, 673858, 750291, 210261, 794643, 468470, 594124, 760650, 890215, 551316, 851240, 506436, 762343, 133161, 476967, 521081, 975280, 527048, 535043, 681952, 395578, 581131, 768270, 589704, 782581, 884344, 192615, 655877, 253311, 690848, 684792, 223653, 418629, 184801, 267759, 761312, 947859, 496394, 516470, 275470, 476474, 813918, 933201, 235666, 554013, 755154, 318388, 308532, 559640, 746705, 532478, 435181, 477582
380128, 892854, 959259, 741774, 471675, 351553, 640020, 390560, 934109, 202941, 949912, 717873, 957471, 892510, 923807, 933881, 182872, 902594, 689745, 452389, 319106, 223858, 438612, 239526, 241149, 877911, 631232, 883414, 559405, 674071, 584175, 844226, 212255, 336043, 829936, 405720, 531273, 723902, 791002, 580942, 271182, 288836, 740414, 907116, 770369, 344468, 763637, 985272, 558209, 437796, 483256, 100764, 940867, 994943, 736655, 285750, 545998, 761222, 407329, 340572, 209279, 173792, 199498, 575593
174636, 253695, 644554, 916105, 749222, 847185, 206106, 316317, 762455, 896959, 573850, 110955, 405547, 392870, 358150, 116005, 913452, 406223, 820071, 823156, 110693, 161421, 731397, 764353, 947816, 580723, 797978, 754751, 125546, 501551, 709090, 543865, 801772, 944775, 465903, 397588, 242613, 561679, 123033, 130304, 960987, 262275, 436786, 675712, 814433, 703911, 571127, 492148, 652826, 499545, 316354, 973439, 923532, 893712, 582460, 672026, 349391, 558419, 602449, 140020, 922580, 717208, 486172, 676612
306691, 423575, 840705, 846541, 341052, 532235, 961049, 992524, 229471, 167877, 116296, 764897, 325960, 836524, 732458, 314104, 971634, 911765, 707020, 260755, 546652, 944634, 127320, 877910, 624136, 968314, 652936, 959246, 249664, 711054, 690747, 873630, 931028, 776035, 569829, 760072, 980350, 906681, 573216, 851893, 283335, 959543, 817953, 641409, 667746, 253896, 715302, 659782, 666805, 968918, 200235, 681891, 735513, 996417, 435963, 819912, 562871, 100412, 820099, 789185, 955538, 190693, 783267, 282653
835171, 678463, 784414, 714457, 586719, 728718, 386097, 616078, 127606, 414446, 159776, 723604, 596884, 832176, 985228, 106609, 772906, 779505, 765345, 655747, 838087, 753241, 120171, 879173, 199743, 213293, 534664, 764929, 300750, 676274, 581209, 877650, 831926, 136831, 130130, 983861, 707747, 636445, 799601, 708940, 756400, 858654, 424235, 246350, 645667, 248438, 683330, 176111, 316339, 988987, 177842, 254535, 118762, 988437, 628555, 366945, 406277, 606401, 501497, 429186, 906808, 207528, 298495, 834388
511182, 201047, 191939, 659407, 613742, 768219, 810786, 386147, 526042, 904186, 286212, 777699, 773137, 820561, 610250, 397585, 707572, 700294, 112228, 453411, 109062, 768041, 414463, 791503, 977132, 668332, 247996, 481049, 514772, 791867, 764315, 853845, 773521, 918042, 123222, 424890, 747748, 950363, 963210, 543238, 458103, 500280, 866320, 273256, 319012, 289874, 644171, 888686, 204402, 551239, 708249, 793195, 790527, 565482, 204108, 572068, 471417, 908354, 214003, 511352, 215238, 966176, 724785, 931946
