194337, 123974, 780322, 434525, 927438, 356917, 591359, 812237, 312008, 108793, 234036, 202326, 788832, 304761, 841990, 483089, 206602, 600486, 498982, 135728, 130105, 390106, 799939, 831139, 625382, 795441, 295839, 354087, 958992, 147328, 187743, 975724, 347485, 594486, 266844, 451905, 156318, 234829, 374935, 844765, 915632, 143693, 841194, 167085, 360351, 823998, 358969, 849333, 973893, 170119, 114951, 960389, 762480, 345960, 680932, 909658, 604674, 296464, 861444, 539469, 293266, 519932, 294443, 847100
510160, 467149, 234245, 514707, 705893, 113413, 776530, 789175, 233144, 273437, 262142, 831855, 206445, 283814, 294799, 399887, 584777, 803642, 272311, 721474, 325809, 555518, 137098, 692467, 374895, 974391, 341737, 566360, 602902, 659877, 520412, 755196, 945085, 943584, 137119, 124295, 286599, 814670, 185235, 103853, 975940, 982751, 166837, 587952, 359760, 225733, 144492, 468946, 244281, 899667, 560924, 395803, 806142, 290864, 467127, 183234, 578482, 702424, 330771, 966492, 200352, 470256, 184055, 865151
178601, 614276, 599343, 389714, 368457, 200766, 602111, 870867, 363479, 766469, 976979, 799492, 458763, 838736, 273461, 253971, 458042, 448997, 427864, 757508, 105660, 490707, 914385, 627741, 794063, 237768, 824582, 250254, 166132, 225168, 441247, 875162, 735959, 220331, 165208, 507079, 437261, 604137, 985208, 325086, 606166, 485860, 506908, 123231, 355169, 711514, 876621, 513701, 351663, 580774, 929520, 902609, 610031, 619034, 190780, 272438, 832137, 900027, 173222, 253120, 925078, 657401, 259256, 310881
416684, 944938, 782272, 155674, 472088, 581282, 804100, 835810, 747396, 946384, 129524, 987798, 305176, 902040, 562328, 632445, 917404, 521800, 493224, 795799, 495164, 974970, 708090, 364674, 355172, 358309, 118038, 126856, 195563, 570816, 127910, 402280, 611564, 736084, 166537, 652575, 404174, 333949, 767111, 335571, 382694, 771421, 800254, 708732, 134131, 388285, 464602, 123279, 824359, 465601, 990628, 557352, 255429, 869862, 676817, 421940, 985957, 570746, 552251, 135545, 430229, 286552, 926574, 739522
243354, 630047, 330168, 554794, 429812, 537647, 907107, 472516, 539903, 117567, 409823, 811973, 685013, 316125, 947480, 362927, 906897, 221955, 222503, 192378, 238575, 833554, 676004, 206305, 524016, 332718, 350425, 269351, 864281, 773686, 899442, 315076, 385594, 671550, 729905, 903599, 920972, 353899, 443774, 904298, 969172, 814826, 523995, 742213, 703876, 110157, 237653, 949200, 316609, 490627, 513398, 727488, 216575, 958963, 810712, 469757, 932040, 690069, 206772, 941094, 269755, 597357, 931929, 357409
386897, 434692, 190584, 101891, 657243, 800773, 698779, 682840, 643048, 250257, 888598, 381584, 947459, 769120, 447349, 141062, 285208, 333813, 201365, 620622, 281399, 575836, 473168, 337435, 832273, 966690, 722224, 153386, 370176, 940657, 671844, 687406, 906051, 107847, 633008, 129977, 306438, 254322, 242142, 535331, 986496, 178410, 203283, 369562, 673046, 904107, 727389, 155847, 136477, 789133, 672136, 296537, 993085, 760930, 706032, 745424, 621968, 353323, 553168, 115879, 873770, 220087, 900729, 148127
168947, 361081, 195166, 447237, 773679, 979365, 940556, 348671, 345951, 255079, 295159, 265912, 386977, 714209, 594128, 328965, 323634, 997695, 537427, 239091, 603667, 810071, 189468, 100079, 617033, 345314, 608953, 162002, 838142, 394898, 433627, 457287, 421862, 746736, 841446, 866779, 351996, 905651, 167720, 333791, 773834, 365150, 842918, 480252, 889863, 819414, 768338, 132661, 415739, 639998, 606745, 825554, 764223, 832178, 277497, 890030, 178271, 141597, 525519, 788766, 967969, 420951, 567118, 485915
971967, 462398, 112364, 761263, 723151, 180527, 718518, 260729, 819397, 126593, 284484, 997500, 731406, 847295, 855271, 940906, 927773, 203264, 439807, 615816, 976963, 105157, 392745, 523487, 434999, 741678, 538742, 275935, 293205, 812921, 392279, 470415, 922307, 367160, 815123, 878197, 143630, 689005, 187099, 573566, 384083, 553957, 544341, 835339, 363801, 746127, 271252, 636985, 497852, 922008, 921385, 820107, 463141, 235524, 503187, 779862, 707604, 789386, 719441, 942729, 833152, 101964, 954008, 605526
130485, 474738, 271041, 920994, 399100, 530210, 645018, 194373, 332280, 177886, 656956, 430269, 268268, 617211, 658620, 299926, 277307, 770169, 236891, 519726, 874119, 396259, 340920, 125064, 327483, 445445, 104326, 971312, 404548, 685381, 191640, 905285, 527226, 185408, 434616, 870312, 107548, 528514, 168823, 770528, 352121, 795201, 362718, 904743, 463819, 155382, 683683, 448084, 215070, 655417, 852152, 933574, 322031, 821208, 637534, 120969, 937679, 208691, 241431, 367816, 301063, 104439, 660504, 406512
991349, 107382, 205949, 854813, 660084, 551999, 167702, 745635, 153434, 307711, 532671, 966651, 958330, 877908, 653838, 549000, 105866, 950538, 328517, 186757, 833472, 241236, 432328, 265869, 209141, 964232, 280552, 319078, 949515, 630551, 583838, 109482, 768267, 671719, 996563, 429492, 792167, 896432, 442332, 959364, 883038, 906063, 882115, 653423, 547261, 426986, 919584, 351814, 318243, 712545, 823910, 892288, 990077, 111533, 331706, 398279, 604976, 382136, 727231, 674333, 737494, 365144, 469293, 446664
128543, 683849, 955872, 170721, 694392, 696678, 980268, 867093, 626249, 993252, 163949, 741174, 803737, 126027, 112061, 216769, 882636, 300498, 796511, 553100, 610380, 247958, 376025, 177004, 142085, 359414, 478206, 722624, 566762, 262350, 988489, 501214, 904566, 768623, 316454, 627928, 802765, 169047, 295114, 741323, 611265, 338706, 181699, 102244, 232624, 213324, 979945, 169166, 112106, 652113, 978036, 324316, 351248, 187236, 655719, 179279, 733496, 661592, 449354, 607749, 463597, 430798, 723062, 606367
479859, 304812, 150922, 641038, 710281, 195542, 522362, 625593, 246919, 568268, 351463, 240365, 836103, 942080, 531049, 984993, 499456, 957202, 398696, 446788, 583309, 139850, 302187, 138694, 348204, 656625, 337927, 909984, 345730, 929292, 871865, 227296, 411227, 782069, 882191, 234677, 543536, 108216, 457121, 686516, 414273, 402984, 750845, 908805, 155810, 859708, 373280, 882765, 145139, 922601, 401888, 959128, 335014, 132188, 860646, 286722, 847941, 935828, 260921, 165347, 380812, 821466, 908309, 772917
968946, 700159, 736155, 890723, 493349, 915440, 915810, 767376, 111699, 486616, 363979, 958976, 393765, 220786, 942066, 463399, 796134, 219465, 553952, 195468, 763521, 143279, 523294, 232154, 876040, 156086, 342212, 913283, 436081, 824334, 382511, 592049, 222363, 490652, 498704, 832203, 110414, 910035, 739745, 690784, 497184, 974545, 548115, 884595, 497300, 993753, 627140, 639939, 933854, 220168, 532972, 947253, 175969, 628886, 175254, 127776, 592409, 454604, 194059, 954837, 250356, 384988, 673577, 530345
600154, 948193, 366099, 222017, 987662, 402964, 622691, 181145, 922509, 778695, 263611, 863601, 384404, 154082, 322264, 149908, 303838, 950265, 694407, 408870, 610282, 293030, 468114, 944137, 838587, 884936, 281971, 235468, 748185, 382007, 453993, 457105, 992212, 696802, 316040, 118297, 291305, 324423, 929355, 834287, 230046, 959375, 125477, 683053, 984007, 669316, 652308, 122927, 545419, 266543, 913879, 387314, 566368, 443090, 575446, 375848, 187282, 556383, 296512, 954716, 759971, 338675, 836850, 701916
324301, 936819, 421139, 230119, 445891, 364961, 639741, 172309, 841430, 605851, 583733, 123421, 236818, 303280, 561628, 863655, 163176, 180959, 492318, 730287, 531431, 961519, 953895, 809682, 320100, 949381, 495893, 820633, 702488, 862789, 216937, 677535, 696360, 143240, 999447, 329856, 500736, 465749, 833501, 931136, 757913, 778303, 343569, 911381, 840026, 581340, 510610, 624594, 814714, 843358, 336385, 418320, 139331, 328431, 124616, 723323, 122450, 730477, 620920, 210935, 745243, 180032, 447505, 947182
289802, 608212, 676570, 800471, 134020, 487256, 781904, 251523, 387180, 707697, 279707, 132007, 389025, 356603, 733532, 261505, 342116, 622910, 737731, 608042, 589464, 740681, 692990, 260375, 890306, 877901, 378827, 280811, 871824, 143000, 492654, 427132, 803862, 538701, 815646, 853920, 387315, 339645, 232633, 780756, 714546, 738788, 306936, 342184, 212077, 286210, 755518, 544107, 866891, 928212, 340106, 688527, 897802, 369230, 117611, 156153, 421432, 255768, 135955, 808263, 763579, 786626, 849988, 131838
682961, 594533, 993511, 217198, 523313, 991576, 267612, 232516, 833328, 565644, 614028, 928941, 349152, 343172, 752570, 431138, 279539, 213524, 123544, 474325, 662173, 927477, 490517, 272437, 185751, 117121, 877428, 873537, 323552, 990066, 179704, 609063, 551102, 334450, 593787, 393272, 844802, 477214, 286366, 890154, 172426, 610300, 584635, 832521, 580320, 389238, 507190, 704475, 110847, 636242, 329234, 142382, 406869, 494223, 911967, 881121, 711012, 604670, 692017, 574188, 691939, 535930, 422189, 581068
422818, 353478, 697084, 453167, 171435, 577858, 595106, 415288, 628355, 724746, 448872, 598032, 890767, 565067, 919637, 133034, 628628, 802401, 581339, 507536, 823255, 182194, 211054, 207759, 565827, 864001, 758608, 154108, 501800, 343281, 940295, 473921, 372096, 357238, 388143, 419304, 261390, 338265, 241484, 485347, 981920, 256168, 705528, 511958, 491027, 157783, 434907, 408290, 385365, 765303, 798553, 476494, 760773, 310257, 930053, 542260, 176246, 154496, 323251, 941157, 475347, 979720, 397290, 307578
492317, 980406, 225496, 100120, 788944, 655702, 434944, 838335, 952036, 166347, 674959, 663471, 188302, 220431, 639821, 949848, 573062, 690151, 173678, 785660, 226532, 688481, 716232, 772995, 219588, 438125, 779711, 811323, 978728, 749141, 677723, 821258, 316061, 976699, 629947, 828498, 387061, 203693, 763683, 975455, 214067, 716199, 871665, 292496, 111110, 901510, 475822, 327903, 245356, 112068, 773759, 604879, 920824, 306901, 715771, 857233, 120975, 735133, 855063, 377843, 215500, 473035, 293021, 592294
707683, 518422, 466396, 537034, 176706, 146739, 348152, 456504, 293683, 786224, 509442, 778923, 972446, 977360, 291074, 239404, 281419, 154468, 857296, 257721, 730278, 969826, 789603, 731346, 294427, 555716, 898785, 943327, 929537, 249343, 231892, 408513, 317651, 914718, 464606, 820756, 426585, 587835, 205635, 887709, 672389, 296698, 375269, 133046, 833433, 509090, 222733, 402995, 749830, 709977, 179301, 889456, 973296, 433851, 429475, 106393, 866541, 582230, 997023, 807669, 479340, 372164, 426277, 201392
391410, 894086, 764134, 451140, 619743, 574266, 671497, 600451, 468591, 245529, 584831, 649156, 889149, 720592, 967572, 256711, 714242, 498072, 915329, 937095, 905019, 542356, 183359, 238075, 481193, 643751, 719286, 271656, 807313, 341583, 980339, 679911, 540004, 587362, 263608, 897710, 248697, 887139, 995021, 440670, 546677, 613153, 190420, 505641, 705869, 386637, 535610, 490813, 439010, 352565, 187817, 661586, 223628, 929122, 744603, 680172, 419538, 592106, 475850, 265548, 127604, 756371, 565954, 643417
499820, 505797, 997943, 980807, 966473, 321899, 459219, 512674, 819867, 154278, 188712, 328249, 680493, 452749, 990211, 416073, 552971, 783908, 878689, 216677, 683333, 203960, 101372, 879647, 366444, 437557, 174878, 506070, 259866, 409380, 293815, 564380, 786798, 788773, 318025, 182882, 968084, 801636, 544415, 121058, 848387, 252891, 113630, 752680, 398560, 203524, 538484, 503679, 264129, 489593, 795213, 463572, 930731, 770987, 300773, 291721, 161404, 916763, 788375, 341880, 348869, 367703, 856692, 511777
905167, 197556, 447376, 843794, 711551, 999621, 244726, 932435, 676692, 115062, 959899, 132107, 885516, 846375, 924496, 405874, 465191, 190312, 102001, 504019, 976771, 114446, 971386, 281885, 208454, 787695, 601498, 549480, 830042, 806463, 460895, 680863, 636179, 842216, 692241, 827213, 116524, 176383, 632091, 966088, 171664, 210537, 162755, 594965, 538324, 456298, 905499, 535638, 406369, 110437, 395568, 177431, 226671, 849877, 911424, 466129, 125293, 876966, 439881, 513816, 813566, 307249, 680828, 198152
514077, 723763, 895951, 140199, 153409, 111561, 522258, 489974, 714331, 799305, 904570, 811194, 246556, 688896, 300153, 174273, 242676, 271684, 990319, 176435, 498293, 859189, 918938, 123639, 698582, 166677, 211144, 608382, 147091, 446656, 752685, 145360, 296530, 674858, 628464, 305650, 513856, 381108, 970080, 796593, 223386, 292491, 228580, 979822, 266792, 438077, 899631, 623557, 748483, 312856, 514386, 324571, 925496, 809313, 538604, 578531, 311140, 433678, 657117, 231085, 882559, 249473, 273016, 378701
891477, 999393, 138422, 922531, 333391, 812918, 384999, 149612, 870577, 147265, 332356, 323109, 950012, 760118, 536256, 218519, 157523, 155479, 718781, 557955, 422907, 252878, 697722, 221354, 911804, 332134, 689418, 935834, 319748, 662790, 905600, 232529, 929387, 161580, 222150, 929903, 980945, 907938, 275853, 192124, 856835, 994208, 930015, 649203, 936764, 927934, 382320, 182890, 268264, 279155, 443571, 885439, 533796, 228815, 677033, 566912, 420705, 708369, 668468, 321783, 553928, 380294, 273065, 218352
288151, 421087, 924356, 638601, 367817, 768621, 464918, 294837, 282164, 337052, 665241, 494316, 209100, 749833, 153604, 398003, 109317, 477409, 901145, 934499, 602870, 263224, 572636, 368217, 328152, 509955, 513023, 667354, 851181, 787474, 260600, 575488, 565278, 656045, 202932, 470501, 438013, 311114, 598564, 649546, 327209, 679208, 607510, 860453, 192048, 485772, 912255, 761542, 419279, 337717, 280020, 359268, 552308, 321118, 605303, 264872, 879876, 578031, 424206, 954613, 311481, 771488, 116976, 315187
404611, 926444, 509113, 528951, 714480, 319374, 294461, 482416, 308454, 342810, 515481, 820081, 946444, 162682, 190725, 579862, 855785, 503907, 733029, 570773, 650020, 821940, 541023, 258658, 572234, 315627, 103591, 791262, 857551, 504772, 555093, 169245, 768459, 461870, 951864, 978675, 673893, 297484, 583492, 449019, 183470, 930885, 720071, 530820, 540228, 150824, 596826, 180984, 798871, 995455, 437011, 758249, 844649, 824207, 375287, 419771, 982830, 773802, 669420, 135560, 397010, 891409, 164300, 213844
962362, 273289, 455605, 975086, 944642, 465784, 890110, 232831, 742374, 412860, 836324, 500722, 300412, 342985, 441731, 393856, 334495, 141853, 653216, 150902, 211047, 657570, 375779, 636614, 694739, 362847, 503362, 306279, 124776, 621851, 603992, 895978, 209043, 570927, 356884, 748346, 335242, 387911, 740110, 305359, 332977, 340629, 515092, 832751, 774329, 909169, 214499, 417473, 436130, 892113, 308273, 807216, 629793, 107649, 274343, 267320, 939805, 748608, 306093, 210064, 867924, 172151, 696413, 806195
607706, 524438, 225209, 456973, 267713, 757996, 188600, 793503, 175924, 551458, 707163, 132431, 118717, 754133, 330494, 254384, 837223, 870159, 594122, 571753, 342589, 797345, 935592, 729156, 586481, 224799, 805424, 719221, 552569, 962488, 431551, 868389, 406036, 176336, 239175, 730778, 123147, 102427, 579168, 573957, 375154, 885112, 981660, 463879, 569165, 585000, 891737, 884992, 470895, 290891, 437551, 665174, 259934, 520917, 821961, 893439, 628499, 117617, 505968, 770700, 911325, 178450, 987587, 839410
775781, 301490, 155939, 444981, 828716, 607177, 570411, 989298, 687536, 622412, 642428, 185354, 886445, 563487, 339382, 738951, 853345, 173080, 586820, 239852, 542792, 941842, 168110, 734685, 718086, 235530, 387569, 444424, 618435, 364186, 996140, 947758, 221168, 485296, 399505, 954738, 989576, 528874, 175420, 894909, 422417, 438000, 629503, 284140, 630370, 851853, 450843, 707351, 314367, 958219, 973548, 399518, 287487, 943435, 139196, 799729, 134606, 235006, 565399, 450236, 492527, 633027, 626846, 572910
336185, 611422, 411541, 444485, 425731, 880497, 256055, 242040, 631162, 839961, 720457, 370817, 896078, 761703, 727148, 135652, 171565, 948217, 435084, 122880, 419175, 392309, 678357, 532977, 446801, 727649, 382470, 557727, 547173, 829858, 912957, 996422, 261990, 106607, 502770, 850275, 941217, 982578, 528288, 224408, 361198, 423643, 467774, 992989, 279735, 461920, 128715, 792003, 453584, 612564, 448616, 563846, 752068, 856482, 789023, 688910, 177744, 841639, 510977, 336546, 276360, 978250, 347214, 944618
713304, 742201, 234189, 166111, 580006, 356321, 787740, 846481, 432754, 846921, 899617, 108404, 535583, 305804, 781246, 979816, 848779, 581649, 844003, 690308, 278362, 767145, 206430, 415199, 812465, 422692, 971597, 472314, 667646, 932176, 469684, 703053, 117525, 558159, 633450, 525164, 895990, 867763, 248174, 769750, 547402, 736025, 558519, 775643, 931595, 184640, 631913, 911271, 704803, 444132, 491875, 483182, 938381, 469659, 803957, 390358, 726520, 385548, 994318, 658428, 386698, 525063, 123988, 571620
342945, 363908, 869997, 744864, 529813, 961020, 916538, 315292, 486585, 812798, 570756, 320548, 747424, 749519, 759310, 443315, 968092, 712225, 205034, 539417, 219425, 420111, 388679, 317544, 688040, 377938, 197224, 867227, 722224, 341667, 525616, 293314, 835904, 776142, 354682, 565103, 628711, 460815, 562725, 611607, 607363, 234283, 453644, 138469, 685408, 577837, 148179, 436225, 757913, 191036, 798781, 255384, 421370, 983670, 882683, 736424, 733574, 225900, 706815, 642346, 851348, 789177, 527566, 505405
483540, 949823, 678004, 233963, 109680, 980448, 860466, 729562, 860845, 155638, 317042, 990481, 325777, 524399, 219771, 513028, 316798, 450409, 915488, 159519, 514492, 714982, 291698, 760363, 182806, 304140, 696278, 472319, 232666, 389244, 750897, 580615, 401828, 948012, 205536, 819273, 400244, 531747, 873893, 715450, 593371, 138065, 206555, 664348, 376661, 166249, 259690, 923250, 773521, 217180, 787958, 710882, 749580, 824018, 294098, 529797, 308826, 411655, 648946, 221838, 236102, 951008, 779902, 792596
363666, 635721, 964802, 851326, 567831, 107757, 964290, 476554, 219440, 963729, 273643, 131354, 151954, 197517, 235973, 221980, 569875, 784392, 554468, 516149, 660268, 820175, 233566, 574569, 267417, 817681, 788759, 838601, 467741, 201530, 785720, 202233, 421442, 998122, 801918, 807773, 146878, 951058, 707918, 546591, 726449, 212042, 285542, 388000, 262219, 789074, 145455, 757049, 483658, 461059, 243406, 557804, 315777, 780208, 599418, 177996, 329045, 912895, 854153, 270662, 715105, 380862, 567395, 604714
167769, 999139, 318999, 329690, 370891, 127525, 201324, 523789, 802113, 375632, 213039, 804256, 931555, 310761, 784972, 218683, 377082, 771583, 944184, 326300, 867759, 990634, 759659, 980706, 253522, 783779, 353419, 612183, 518231, 423455, 803139, 860954, 176218, 695208, 608370, 914409, 334947, 269370, 714208, 603304, 542757, 988631, 409004, 944112, 378464, 253032, 736384, 897271, 897990, 524657, 280454, 214359, 247547, 448560, 530740, 586206, 885621, 372113, 849026, 754034, 446723, 524337, 420925, 324383
327402, 160493, 320371, 921278, 479499, 523622, 358703, 698627, 920768, 678291, 730175, 209027, 271717, 862115, 889008, 440096, 402739, 604782, 351355, 315251, 171975, 104278, 603833, 740821, 726050, 845055, 623410, 282922, 688137, 609864, 910099, 919370, 733293, 796198, 313502, 637837, 355557, 351644, 973499, 208275, 394551, 810680, 317005, 368141, 135766, 589036, 194111, 945099, 180932, 213128, 513437, 314019, 219737, 944049, 404030, 199003, 621500, 411968, 269951, 585363, 653038, 771225, 703276, 482322
614182, 504166, 983447, 475275, 111190, 754224, 144523, 855115, 714125, 410650, 984057, 196930, 694678, 505018, 609649, 390092, 338302, 796436, 873998, 617275, 579827, 534772, 540648, 279363, 415591, 555624, 203789, 665601, 578804, 624536, 768425, 934281, 339289, 244579, 161857, 558891, 341155, 578519, 887616, 585440, 554759, 294124, 699273, 851671, 434795, 245182, 473291, 348055, 130500, 963622, 879826, 661488, 221466, 903188, 806810, 569602, 851592, 577450, 663231, 402953, 968352, 613560, 816528, 369028
938252, 921455, 857537, 731488, 592430, 234212, 167776, 377158, 922344, 170884, 510271, 735998, 938616, 153230, 832976, 370591, 885851, 201106, 266415, 657940, 638003, 831684, 488377, 560524, 470627, 235132, 727226, 972157, 972887, 689965, 272260, 558230, 539776, 139679, 436571, 382592, 900189, 324236, 313102, 956785, 310709, 479796, 157632, 935981, 686465, 836190, 707652, 975704, 631847, 795979, 733383, 914301, 492160, 954040, 836615, 659764, 525179, 634512, 994498, 919507, 762395, 872683, 178473, 131828
901307, 555240, 444851, 657887, 745074, 902946, 269070, 621780, 228786, 710898, 269808, 230935, 496682, 672960, 554603, 734552, 226955, 557895, 267807, 845693, 355399, 216837, 368458, 867311, 722677, 426427, 527803, 620222, 223825, 128199, 759940, 515730, 714913, 411452, 549421, 130959, 308211, 316155, 560100, 111939, 626882, 556144, 675826, 190992, 468183, 529163, 716010, 831697, 694283, 765145, 208219, 146026, 546731, 159038, 995909, 965328, 388148, 723249, 474312, 989714, 663358, 268309, 422775, 391907
469589, 586640, 625996, 286085, 696578, 864841, 126037, 696820, 961993, 852675, 819756, 897580, 943308, 878608, 223044, 207991, 380684, 556628, 770975, 946935, 631055, 139000, 117629, 902477, 651293, 358726, 254894, 361635, 618116, 801512, 647721, 697564, 640732, 629688, 465301, 110486, 584357, 487203, 649572, 897753, 245868, 867327, 207424, 785247, 771149, 982021, 479197, 605888, 879346, 686381, 672014, 353336, 220729, 379654, 656020, 327127, 854515, 412814, 158449, 334278, 322921, 518228, 200859, 134129
385081, 570567, 238156, 454229, 908287, 264379, 142229, 427783, 430223, 940952, 871251, 940990, 196830, 917662, 217498, 919390, 532544, 171161, 490862, 584834, 683819, 146652, 421904, 178597, 338203, 481693, 857973, 951053, 788368, 411406, 303603, 944245, 299313, 236979, 650452, 912182, 558867, 477221, 404941, 695121, 276597, 510466, 636521, 339387, 696547, 372974, 820606, 860901, 863290, 731402, 564609, 661031, 621003, 459151, 910229, 663753, 643193, 612775, 415326, 516622, 797468, 981897, 772948, 384125
913032, 829615, 905939, 571725, 962055, 452149, 210703, 279244, 412419, 885040, 734693, 704428, 522208, 622729, 131149, 630827, 734310, 398197, 824139, 607165, 620220, 949906, 321477, 307992, 176015, 384896, 389487, 214396, 715507, 732057, 570050, 898493, 514593, 717998, 189707, 720878, 840446, 959936, 100191, 366732, 504412, 971096, 407468, 487012, 377369, 380772, 224939, 107842, 839685, 858926, 309394, 703639, 210786, 210842, 614118, 956998, 656740, 953499, 600813, 341451, 953047, 222099, 935425, 738056
494976, 882374, 495969, 602062, 995772, 336281, 812034, 428932, 836452, 451437, 752226, 372919, 951826, 656498, 325373, 572734, 172893, 452553, 845112, 425065, 726080, 335098, 184635, 269222, 796890, 473710, 215132, 110223, 587438, 951146, 814230, 914163, 606250, 956041, 774649, 358975, 923716, 188021, 160634, 992073, 170177, 644002, 811051, 920921, 352911, 470471, 311526, 636565, 274674, 338170, 810083, 355911, 553116, 879142, 327656, 310093, 294549, 922987, 418432, 389628, 724891, 235635, 770052, 214226
189026, 246444, 856854, 983831, 197212, 404775, 334189, 814607, 877332, 382060, 452075, 931359, 746389, 905592, 187562, 102393, 912007, 729556, 454292, 991877, 623385, 119475, 421778, 455182, 939418, 516136, 225852, 407303, 339297, 126881, 841616, 234200, 198157, 260484, 697278, 868393, 283943, 658116, 769183, 591593, 454884, 959552, 623333, 712155, 828646, 101048, 476654, 982270, 733153, 653933, 387570, 288952, 805051, 400468, 615612, 158622, 222477, 889079, 117750, 509506, 662310, 542344, 380444, 291962
230127, 906691, 981011, 908201, 583273, 269695, 397906, 166316, 860914, 195984, 371902, 591651, 606599, 349116, 543508, 813210, 404740, 607543, 585312, 614546, 487366, 789374, 419402, 681425, 202769, 524045, 589936, 451331, 604877, 470653, 620750, 306796, 765035, 316094, 512698, 412491, 926310, 150540, 374348, 468940, 151525, 548241, 780826, 247114, 276188, 818391, 708706, 646654, 259506, 237320, 351233, 109833, 301022, 122468, 798753, 735995, 778795, 976222, 598287, 375389, 562746, 741268, 313929, 739649
744870, 143721, 286454, 563523, 617410, 764032, 434736, 427804, 787583, 396663, 438621, 376292, 775882, 328926, 157052, 251393, 991506, 803026, 577082, 590640, 579783, 229435, 792164, 425135, 953502, 492766, 188598, 104452, 100593, 531423, 124210, 472462, 199075, 152311, 340013, 418086, 653281, 236142, 172931, 826001, 891524, 906966, 379403, 872069, 804179, 237444, 939620, 224565, 912902, 447242, 993967, 341307, 623461, 692277, 310551, 877121, 683758, 831393, 531499, 871629, 858486, 606900, 109036, 309894
571815, 494910, 904097, 438279, 181639, 711371, 668712, 514239, 226841, 901026, 368167, 670977, 179421, 441757, 800640, 483407, 905394, 231365, 871587, 830751, 938652, 688137, 411518, 642567, 907073, 591451, 544496, 968266, 198605, 383719, 142363, 338366, 698421, 165201, 836023, 551897, 406648, 121354, 859843, 532505, 723841, 605390, 825878, 739405, 730890, 644318, 134548, 181443, 971611, 259317, 339900, 121486, 777040, 781096, 357502, 491123, 238328, 991743, 671914, 925617, 559834, 970827, 224579, 625738
383538, 490115, 850419, 740210, 201208, 864575, 587160, 691796, 315521, 588528, 850652, 382715, 764928, 385914, 364098, 870820, 860997, 203759, 762460, 284509, 387941, 830601, 248666, 449850, 309178, 777187, 615484, 897876, 887201, 337492, 533449, 990878, 675617, 330442, 601464, 153446, 778603, 549695, 183436, 297347, 199581, 428634, 309564, 375713, 645985, 320261, 101488, 372743, 144723, 887303, 479368, 607137, 117471, 632509, 168598, 657775, 159208, 641401, 706476, 399113, 400006, 908855, 378032, 952237
397831, 238168, 207532, 657447, 458421, 466333, 498785, 228155, 428792, 586530, 893852, 566962, 885395, 144276, 165121, 546879, 417929, 262448, 150948, 955757, 852770, 695002, 926774, 280359, 273545, 776247, 346716, 352259, 153037, 369831, 179164, 693484, 720615, 101698, 314769, 704266, 375483, 954062, 306333, 680016, 827511, 807226, 695678, 453506, 461432, 134651, 373721, 914145, 567340, 115712, 958451, 266133, 851219, 912531, 895583, 574742, 884799, 988239, 656561, 248598, 569178, 799065, 218321, 240846
359814, 869820, 386732, 686756, 577375, 413317, 360772, 328374, 869245, 512119, 599239, 362150, 665334, 889164, 234461, 882241, 613376, 786826, 685371, 354029, 759988, 505437, 158580, 260175, 606990, 723670, 508111, 780951, 616049, 342048, 194804, 892105, 867399, 894362, 263776, 417096, 805254, 449110, 651641, 238336, 965902, 785262, 656955, 452080, 178607, 310781, 575728, 173619, 270472, 479425, 990366, 771626, 206122, 230571, 438842, 144903, 384763, 446144, 867258, 456536, 552150, 199824, 720488, 608238
644015, 684304, 283091, 869194, 726772, 591254, 562336, 194499, 563376, 250257, 514589, 407702, 323465, 958114, 535542, 970666, 598249, 335867, 526208, 533310, 127897, 835570, 387603, 938098, 805385, 704577, 386389, 383535, 602573, 938622, 306545, 238484, 298818, 562226, 168487, 848798, 834030, 110904, 554653, 196178, 703524, 808533, 390643, 469162, 664679, 844334, 182035, 434395, 852646, 352586, 652231, 452671, 256582, 184133, 738533, 167299, 476989, 669965, 604038, 400847, 169626, 782365, 651252, 673453
394659, 766804, 331777, 460184, 197430, 631857, 960948, 254211, 441553, 968237, 768191, 369442, 599020, 882325, 122284, 785625, 395204, 912419, 676438, 668992, 643251, 312376, 951219, 719279, 453243, 515448, 615311, 554508, 173026, 577058, 721652, 135438, 389622, 423050, 374725, 715020, 180785, 474644, 418186, 518567, 493304, 667215, 191942, 174545, 463422, 110988, 192260, 696153, 155142, 955578, 438288, 481173, 534117, 536064, 591362, 780746, 326150, 461366, 281972, 260698, 524999, 901568, 454549, 627594
302272, 842247, 420823, 623343, 197860, 722422, 724066, 544021, 109024, 153902, 861387, 934028, 781664, 387910, 618783, 307823, 527569, 616643, 855738, 173042, 474561, 739856, 614644, 655303, 994210, 649146, 909531, 951885, 985902, 721355, 598524, 120310, 267589, 824225, 965882, 159412, 581105, 590730, 638817, 519327, 424203, 127709, 796468, 663557, 444246, 559416, 462594, 245230, 644616, 918450, 614839, 813387, 861673, 784733, 220015, 880251, 102485, 296538, 585990, 444154, 420155, 119416, 809867, 112806
953096, 769194, 221971, 542382, 339006, 186340, 756233, 630682, 136893, 855570, 413795, 957937, 979620, 849813, 584368, 839979, 884592, 815643, 305357, 878196, 858211, 344602, 408535, 768698, 123424, 298024, 718426, 583891, 583635, 384634, 189544, 501101, 882030, 779351, 382054, 910099, 392909, 398905, 187680, 127065, 780347, 831615, 928221, 417925, 822126, 809777, 857261, 497626, 497453, 211474, 731646, 767746, 473297, 866747, 160686, 286103, 591369, 857530, 262043, 335790, 944088, 850310, 825015, 968384
414810, 684509, 661623, 805815, 488004, 552764, 882634, 401617, 638472, 860186, 463078, 905620, 107767, 451233, 186045, 827119, 392194, 722378, 820495, 860360, 869945, 323093, 386554, 217543, 381588, 997122, 769069, 350206, 649360, 333487, 671194, 565395, 857680, 357486, 391849, 125324, 516485, 873313, 894889, 554774, 538377, 502101, 634817, 968370, 364805, 906776, 589125, 761981, 120435, 317689, 336932, 910074, 722973, 801659, 892574, 185757, 490148, 234485, 826355, 717111, 130525, 660937, 403575, 798745
142230, 488127, 777154, 795271, 978390, 662589, 768963, 195452, 253026, 342373, 233748, 187475, 248539, 928427, 921736, 562232, 587333, 441713, 647937, 682860, 536451, 494498, 306687, 945455, 407390, 818151, 496467, 172365, 183653, 814185, 845073, 923720, 103149, 445188, 484164, 575389, 674746, 556707, 588507, 103862, 333814, 953886, 175393, 113643, 905501, 425389, 794730, 606166, 978812, 523528, 477770, 471346, 646126, 536509, 469120, 510159, 161413, 431500, 798415, 337748, 288362, 990114, 279500, 679601
239452, 531440, 946035, 144737, 822036, 910760, 328565, 650616, 414889, 984404, 864301, 241711, 830895, 406547, 183600, 413801, 663291, 656560, 742018, 860672, 797729, 426272, 930629, 604369, 538814, 670872, 675532, 844129, 286770, 984393, 275245, 211243, 708517, 593945, 432757, 260935, 811562, 980031, 937142, 442872, 267520, 688603, 781307, 408593, 773685, 982095, 484029, 894789, 793382, 980350, 291502, 342027, 275682, 448704, 385554, 333802, 938957, 110687, 535693, 994055, 733823, 139537, 408151, 651400
740076, 809298, 851276, 336099, 577535, 528669, 935073, 910408, 193503, 983431, 815953, 930503, 165748, 751672, 274037, 675168, 834914, 315750, 587730, 444614, 925908, 194192, 394091, 746350, 323732, 840788, 411383, 701818, 558967, 113902, 698382, 989308, 361014, 707694, 129854, 104009, 742774, 371157, 714394, 904284, 381193, 581195, 236817, 541380, 333262, 217023, 789948, 566796, 908499, 104188, 598897, 448004, 912699, 416037, 321141, 127473, 886394, 490797, 275759, 876718, 662717, 151797, 377303, 832732
427526, 622915, 283181, 234798, 687605, 319227, 304069, 648010, 855299, 596925, 625248, 294492, 466760, 364826, 625303, 482941, 376668, 945652, 898513, 178331, 349562, 964242, 549907, 520902, 730337, 279517, 713143, 132855, 742804, 239929, 202933, 921660, 149857, 481123, 308893, 326404, 465535, 267236, 899623, 954116, 703760, 117103, 714306, 745124, 938822, 877821, 792649, 645609, 296386, 630050, 684564, 735807, 635191, 926795, 930314, 149186, 381421, 414871, 178227, 340233, 840770, 344847, 372716, 471952
208043, 597347, 515796, 259905, 789304, 379203, 612963, 427838, 180149, 540791, 572859, 994542, 762188, 110427, 159222, 973602, 946056, 612570, 548479, 140674, 761525, 812709, 847452, 659544, 548611, 886192, 291465, 338873, 681642, 293322, 164736, 601451, 409287, 145368, 536308, 397016, 667492, 897964, 516926, 997838, 135989, 818599, 545838, 935183, 364703, 845512, 512803, 242204, 936147, 418895, 550165, 724953, 492344, 809843, 594031, 687805, 198023, 574333, 208699, 525049, 301359, 946303, 730966, 169698
654585, 502580, 399554, 327005, 458663, 992468, 410010, 423334, 561301, 460276, 790592, 438876, 471969, 150233, 432274, 978316, 812550, 808887, 526492, 244505, 450436, 833546, 448391, 313061, 609884, 205072, 325102, 602431, 601879, 197569, 849777, 734697, 779686, 282732, 708802, 202948, 859716, 472463, 145021, 957210, 871416, 325682, 300213, 762632, 970359, 376545, 692137, 858022, 625318, 437412, 603958, 367701, 871517, 584669, 952742, 746756, 497959, 418462, 222534, 336158, 694021, 269732, 163189, 888691
921650, 496468, 961304, 145633, 362721, 645104, 641418, 903776, 600131, 802613, 708497, 448423, 712326, 680916, 251596, 221374, 273783, 708236, 512104, 620897, 803207, 665697, 498866, 679789, 795531, 248763, 865671, 524650, 798813, 667645, 291623, 694645, 843392, 563263, 321543, 771401, 178657, 420715, 330758, 218026, 541018, 196945, 414583, 724173, 420304, 668583, 512189, 860679, 766108, 923169, 586646, 375921, 785222, 651529, 497678, 213109, 273036, 620314, 874260, 423415, 973059, 609023, 582441, 901731
349237, 704003, 157013, 302095, 680584, 644116, 767603, 910252, 213312, 513402, 187341, 962255, 798330, 609838, 661890, 122230, 991705, 326168, 820516, 192473, 992862, 874985, 405310, 482799, 216592, 404945, 413330, 201050, 642459, 883550, 170593, 645168, 311284, 334003, 656324, 898950, 144539, 640512, 557175, 748763, 590425, 597699, 260501, 226623, 874953, 846267, 200319, 497887, 620659, 406213, 704629, 339021, 245363, 497782, 898471, 781232, 627480, 844371, 792229, 851013, 489769, 287311, 303859, 641425
