250698, 186914, 415348, 304510, 513048, 641296, 773853, 760015, 933715, 930149, 985261, 165216, 896538, 426819, 967508, 510919, 440683, 897016, 592271, 493489, 942694, 928058, 413883, 387148, 836175, 260064, 743685, 232558, 801810, 219517, 553213, 700454, 892161, 423226, 900393, 360413, 219417, 988878, 373718, 509480, 240931, 856156, 354505, 765229, 993526, 699722, 943187, 292752, 830361, 126841, 329891, 878329, 976966, 321766, 619541, 444131, 352235, 717052, 584456, 148419, 607946, 159475, 967022, 829971
610688, 105641, 323644, 306970, 825570, 146075, 874145, 454330, 577475, 618593, 607540, 201846, 658418, 565283, 836230, 547230, 256768, 662716, 258454, 189240, 785408, 262090, 659427, 832301, 689927, 968110, 930620, 473197, 653427, 753894, 153395, 645599, 814056, 362340, 281713, 560618, 565397, 411403, 687811, 929081, 484374, 891718, 947697, 443182, 677106, 539301, 248559, 635398, 189444, 792180, 923981, 148708, 146231, 331578, 206185, 199357, 969866, 760651, 224036, 222496, 642963, 843882, 636594, 103936
627711, 303807, 660587, 794719, 614520, 305937, 583198, 370712, 563904, 876960, 606150, 129609, 954074, 740609, 918100, 369244, 510056, 620311, 497099, 978160, 452590, 589066, 470859, 528937, 776021, 269543, 320774, 822448, 340556, 820788, 241166, 811976, 856009, 504686, 717519, 261775, 868814, 587201, 554873, 554284, 717670, 772099, 245941, 647419, 298446, 419885, 643064, 508979, 112432, 483127, 628214, 730769, 967691, 548591, 399182, 807554, 953775, 639318, 477348, 522546, 975332, 125015, 258092, 400652
285418, 580741, 168833, 117868, 448026, 384848, 228405, 313769, 889132, 161891, 298595, 125401, 668690, 236573, 876352, 290112, 489665, 581737, 574480, 864697, 192240, 869245, 389781, 662143, 932377, 584140, 503970, 957016, 358685, 265768, 939374, 933663, 929348, 886392, 616676, 969164, 875106, 640209, 747448, 811938, 370645, 953716, 587699, 385462, 597674, 333316, 904847, 791319, 124959, 584066, 594494, 225661, 462179, 366983, 514500, 235794, 670266, 787357, 693926, 425496, 654589, 174618, 542778, 960726
863998, 819930, 618174, 118755, 166153, 598456, 777220, 111821, 635077, 436553, 464939, 518053, 527322, 760406, 613289, 266699, 240621, 865556, 627364, 817106, 160647, 153729, 211584, 719632, 506548, 213532, 203602, 807781, 379462, 261762, 437716, 957061, 525946, 369441, 993521, 737443, 961490, 306522, 122848, 113563, 997346, 354168, 902285, 858812, 190918, 943016, 549394, 635185, 326896, 933812, 912454, 932523, 943872, 231135, 246380, 684525, 968043, 618175, 874060, 130579, 102366, 438802, 763166, 989055
411452, 317343, 490946, 683937, 901955, 914571, 351533, 909219, 814989, 346900, 796638, 810126, 768530, 785869, 275439, 701629, 318251, 790326, 657031, 557148, 928465, 531767, 828556, 456348, 984388, 584409, 503253, 484694, 725704, 397057, 975678, 149817, 724937, 914570, 308853, 281682, 228063, 246749, 723921, 972119, 189740, 709552, 128738, 660144, 177507, 486105, 635555, 849506, 880323, 479917, 675404, 431801, 129120, 443866, 845892, 742034, 307747, 477469, 161684, 861506, 835431, 801440, 136823, 506438
131045, 133492, 523885, 397929, 624394, 261031, 965775, 127691, 804355, 170721, 118173, 950484, 901499, 665345, 227730, 450837, 527963, 338895, 830681, 869750, 523120, 585438, 474713, 928098, 173291, 275200, 624108, 672588, 278945, 587045, 374381, 929724, 266579, 457778, 394416, 392025, 606984, 778330, 667083, 509813, 362325, 833500, 436434, 923152, 469023, 162776, 375169, 447721, 670296, 852943, 213426, 953960, 197957, 780150, 868526, 315489, 315232, 781782, 161024, 139558, 363417, 340484, 811909, 772109
794391, 830872, 951712, 786072, 617565, 600716, 834058, 816839, 411911, 455859, 910406, 230614, 372435, 196499, 849523, 116500, 454173, 409952, 202810, 334530, 460355, 262423, 210727, 596099, 356327, 668404, 995285, 881542, 214515, 402160, 426754, 878989, 615254, 426938, 833826, 153850, 997293, 764305, 854095, 567637, 656701, 912539, 220381, 812508, 503740, 849413, 680908, 154472, 518287, 762584, 468438, 506519, 477454, 320820, 743625, 278171, 420228, 413516, 854959, 776639, 555571, 616829, 607272, 509873
421684, 682316, 707161, 395633, 332731, 864891, 564574, 691892, 768729, 941896, 239451, 482677, 979868, 594435, 666960, 347353, 460145, 673193, 554667, 126333, 379402, 903329, 377879, 671615, 717306, 353683, 705777, 700869, 716316, 205088, 522140, 465901, 693396, 711074, 763467, 620595, 348621, 636512, 267323, 536760, 284354, 176142, 230947, 266485, 201144, 576959, 168676, 879420, 733832, 346472, 936410, 568231, 245051, 959059, 447445, 389504, 667790, 317660, 928897, 392076, 676532, 203276, 623456, 788821
134715, 252143, 106394, 127666, 623846, 735444, 594091, 291445, 957402, 223841, 140091, 266705, 215573, 216528, 774475, 338853, 124152, 197290, 175690, 223178, 914469, 192766, 390215, 593141, 785795, 236477, 114721, 958601, 337374, 687830, 260058, 835516, 353612, 165961, 244299, 543044, 168651, 258890, 505105, 393534, 624005, 417556, 525445, 510491, 718197, 369512, 379977, 714824, 937092, 757185, 549661, 188760, 286444, 474036, 996178, 218704, 647838, 871337, 198262, 196558, 164094, 568048, 975566, 474935
580812, 311747, 990850, 959932, 859646, 187350, 454993, 889736, 177544, 282941, 135526, 894121, 105342, 741819, 141666, 675320, 181136, 579586, 779385, 481319, 673620, 475659, 379385, 963814, 438594, 933875, 730692, 350001, 940088, 848849, 483934, 605850, 785246, 876176, 304578, 565742, 468772, 610733, 804368, 123655, 987975, 336495, 674273, 625166, 862034, 131805, 507899, 818474, 917729, 703808, 495487, 542921, 842625, 830167, 130016, 957578, 632084, 373297, 790542, 348869, 623152, 143691, 178800, 169976
858503, 246213, 370833, 738830, 484641, 780035, 102545, 598094, 131269, 373949, 378972, 991358, 424439, 404963, 160279, 322865, 100699, 148593, 573750, 150420, 450199, 401099, 463211, 305009, 184695, 641397, 412858, 887934, 380362, 773842, 536680, 398502, 346570, 937111, 837137, 149041, 660537, 373578, 232280, 580754, 928647, 336380, 187033, 718093, 755343, 845985, 463194, 485795, 750241, 748072, 138401, 788539, 824059, 141627, 462463, 400463, 461744, 387989, 280010, 367184, 943402, 252410, 572200, 404919
801516, 511736, 509191, 860489, 903856, 323416, 374697, 733510, 930512, 216001, 515229, 263311, 631136, 866505, 892905, 895121, 719640, 735512, 569923, 141394, 159887, 664124, 883295, 548151, 475874, 670691, 324803, 324144, 691573, 220120, 152598, 911264, 496816, 873309, 516630, 907340, 126795, 272641, 201641, 168736, 379364, 425214, 560492, 501016, 656301, 500913, 791143, 207314, 627363, 118551, 947873, 862510, 864952, 280737, 622575, 366142, 726290, 676884, 613480, 493040, 737005, 933152, 880597, 220661
762619, 665818, 639428, 802637, 471180, 511095, 908347, 161905, 509864, 703464, 980457, 964189, 805753, 990541, 994488, 338936, 563654, 118551, 561727, 699745, 979482, 673151, 562580, 250264, 400772, 741788, 910207, 257798, 141335, 288260, 354793, 457865, 917361, 313251, 787699, 371072, 478200, 772817, 404355, 576784, 286368, 554643, 179225, 536081, 898474, 161584, 944865, 633528, 849927, 566862, 662401, 729537, 715738, 600648, 264337, 170552, 876635, 649775, 952266, 428101, 647159, 943355, 529239, 635986
821205, 652043, 791208, 514809, 664980, 895520, 577446, 410415, 706543, 922291, 105569, 755624, 193315, 303982, 302852, 674629, 636167, 552622, 808842, 931585, 756602, 251827, 152074, 860307, 219067, 544385, 306734, 231296, 159185, 582902, 554306, 429569, 105707, 849512, 925927, 535949, 996994, 894650, 217703, 552579, 258810, 279003, 989058, 603926, 187175, 860380, 645895, 106900, 969389, 440044, 942719, 520021, 120927, 834610, 565188, 888637, 194761, 888869, 988815, 572654, 909354, 325963, 180270, 486445
294488, 902925, 101236, 642990, 867335, 262995, 914602, 932351, 331397, 786337, 774179, 184751, 800764, 350637, 534734, 572569, 781851, 355484, 507236, 851505, 773934, 346393, 964833, 291017, 515625, 471921, 745296, 480640, 784228, 109869, 807583, 929576, 502016, 620781, 833234, 997586, 369928, 619454, 979635, 528184, 373330, 936216, 906823, 175399, 248485, 373718, 481083, 701256, 552213, 127634, 343101, 804265, 418825, 678716, 528167, 752524, 448734, 309207, 548727, 553259, 570948, 536657, 689178, 917799
985030, 484733, 995046, 943404, 248775, 216079, 541959, 514146, 892584, 628243, 535121, 649555, 665094, 343242, 801780, 686196, 435520, 679266, 497806, 301361, 384406, 520304, 362618, 628954, 423661, 126573, 873062, 489412, 267343, 193259, 506498, 541853, 292207, 981138, 138772, 593520, 106570, 312507, 320521, 536977, 435081, 514055, 850086, 588773, 714595, 369597, 688636, 479249, 247871, 759520, 373690, 972190, 144855, 996521, 389564, 606150, 520505, 822693, 647330, 104958, 176007, 752685, 334043, 283071
266462, 758526, 757952, 632626, 689331, 374069, 685565, 431192, 106521, 926633, 751274, 302419, 590496, 422884, 315704, 854069, 658295, 654783, 878630, 872675, 217266, 687066, 966291, 597221, 189894, 393269, 959950, 231917, 627953, 998029, 426698, 672769, 710904, 223894, 156269, 396007, 914056, 470001, 863911, 779468, 422237, 791115, 223328, 163280, 298305, 944306, 813194, 389938, 711404, 778485, 146326, 114772, 691337, 847383, 160994, 727018, 253690, 856687, 851760, 906149, 692114, 825567, 762866, 645110
274720, 281262, 991361, 526849, 521451, 113572, 297132, 811072, 614329, 557058, 186605, 240944, 743850, 638396, 727864, 472828, 846561, 521236, 322734, 116293, 287778, 844788, 349710, 356395, 904950, 102856, 830762, 234394, 747116, 490805, 810391, 129043, 168123, 125402, 473918, 812214, 757218, 451362, 498223, 231113, 521552, 193954, 473142, 248968, 489375, 695445, 166406, 251721, 762298, 812594, 511409, 112874, 299808, 512774, 629817, 189946, 104961, 561748, 693825, 135328, 438917, 331750, 497341, 497228
617356, 161486, 774600, 482872, 925584, 361757, 291989, 251355, 500006, 726431, 764125, 620618, 799108, 563954, 776246, 659307, 642652, 245057, 597572, 873911, 461478, 485441, 375593, 810955, 726685, 847943, 948089, 892684, 333407, 235107, 672873, 652148, 777688, 861662, 869893, 369789, 840568, 884363, 470272, 786441, 483872, 812589, 281638, 967596, 701661, 949509, 558414, 940791, 848875, 122262, 231083, 511457, 264506, 701048, 143042, 114291, 617294, 437460, 275797, 531441, 105824, 897954, 189310, 323936
239298, 300381, 930359, 762840, 531264, 544160, 114550, 304520, 416002, 398496, 294743, 818273, 907310, 685701, 885105, 563424, 201994, 158725, 357322, 129563, 489343, 903935, 614886, 833798, 219705, 338833, 449787, 858914, 174187, 144919, 259840, 136196, 391151, 708417, 245956, 373342, 612139, 471983, 366074, 572204, 665039, 566763, 879826, 837020, 127643, 393091, 249315, 415899, 850878, 949058, 221445, 248344, 599225, 215563, 464027, 767640, 480481, 847409, 574157, 392437, 371427, 646485, 582708, 448947
492226, 121980, 911982, 417057, 472765, 419756, 867153, 972168, 359564, 855620, 893404, 588468, 250088, 512117, 868233, 723067, 429258, 688737, 855135, 182958, 430219, 232847, 922564, 947196, 734987, 610247, 408304, 419230, 576014, 805392, 312092, 171458, 653568, 334179, 950201, 382775, 585401, 972044, 427966, 916977, 941468, 828669, 633785, 402970, 545625, 158639, 804230, 699574, 132851, 819062, 185789, 502961, 464379, 266687, 834694, 689447, 211611, 372361, 885320, 161103, 913967, 727805, 444542, 735845
407565, 757931, 976139, 155954, 330117, 419650, 850053, 166363, 372836, 245964, 682476, 101475, 500563, 651524, 154078, 569758, 169084, 818005, 760899, 724563, 811468, 858736, 884355, 840076, 727700, 351785, 360920, 236765, 674089, 299055, 482910, 371375, 210060, 825798, 217894, 295240, 252228, 696835, 177226, 940729, 809223, 932931, 232571, 272548, 514200, 464776, 688470, 826471, 223146, 951729, 847701, 585161, 761218, 883637, 672161, 869248, 341050, 997884, 991333, 879901, 688930, 456730, 952318, 759669
540385, 650345, 995599, 460268, 359290, 509506, 950322, 841888, 311978, 405335, 366056, 890543, 253261, 147920, 114481, 988871, 418656, 304704, 429782, 318056, 958625, 982339, 299779, 223511, 542162, 707414, 376307, 920258, 681789, 921171, 675396, 788715, 354354, 321416, 354282, 930707, 862987, 183635, 940319, 548004, 790480, 755612, 748920, 204186, 188566, 992943, 448083, 266415, 241827, 154132, 793420, 742147, 582477, 915469, 538190, 479429, 551104, 460299, 594598, 604160, 330398, 537773, 883188, 385892
251520, 812983, 957371, 958351, 676923, 884523, 203544, 452248, 170846, 713478, 626127, 782648, 641304, 316665, 647968, 819958, 660246, 572035, 780057, 635470, 181514, 694951, 136101, 806173, 822439, 829519, 975650, 761675, 509225, 229533, 568976, 637237, 160817, 596106, 866309, 273973, 346734, 570749, 829694, 542961, 941719, 833321, 852624, 615678, 140469, 604131, 826717, 265518, 521502, 655295, 463105, 538173, 581116, 553926, 795884, 760659, 687468, 259766, 625386, 747799, 754114, 859510, 143198, 381937
609641, 475924, 215406, 880058, 581384, 873694, 428311, 907395, 142880, 855865, 471392, 120286, 226387, 238497, 917613, 756908, 164671, 417949, 487114, 761348, 729383, 927614, 855079, 158941, 390066, 371156, 991971, 161112, 401772, 585293, 265857, 896845, 940235, 702059, 587256, 716529, 402317, 707969, 744550, 180737, 251069, 316746, 229412, 166893, 481748, 939109, 724468, 592804, 860700, 158609, 416790, 803287, 613743, 707073, 737307, 880141, 756062, 413469, 185681, 571043, 284301, 727157, 230973, 819741
731548, 170337, 583399, 275886, 144737, 660250, 260559, 751424, 986609, 540047, 724317, 983104, 574141, 637029, 957910, 622793, 498361, 944847, 366635, 422539, 835192, 652965, 374155, 681240, 327283, 398276, 484024, 306251, 835048, 726338, 675703, 878965, 764607, 163340, 482977, 191333, 791208, 890782, 293463, 191603, 755616, 166174, 603442, 407754, 793395, 442389, 421976, 357744, 984635, 167051, 553003, 987571, 534822, 414910, 463771, 958865, 825366, 561471, 431228, 951620, 247617, 549705, 776082, 681928
893369, 616862, 376488, 743498, 559270, 311392, 562593, 347664, 111119, 981033, 862725, 286111, 600408, 230952, 570813, 381036, 986886, 913017, 546906, 132291, 328925, 961791, 367728, 640173, 598474, 440160, 668256, 355426, 829853, 284541, 269330, 706219, 262861, 590604, 585665, 272850, 170432, 430901, 153329, 939560, 680578, 728613, 679772, 870067, 839986, 640754, 230153, 847762, 493245, 128364, 614654, 586287, 812738, 199420, 557164, 420736, 332372, 810780, 740841, 379705, 509086, 314323, 777244, 953361
378080, 683019, 329520, 241519, 705880, 473264, 633835, 565490, 167036, 892167, 414073, 575834, 324900, 804296, 409025, 382902, 929252, 728506, 142873, 861867, 672759, 653866, 837461, 813277, 407927, 259815, 574523, 909853, 903433, 484605, 172498, 117744, 305718, 566733, 958265, 870007, 661811, 197701, 901108, 988320, 147490, 307841, 808672, 742857, 791505, 523517, 490696, 736652, 327297, 151157, 516784, 701355, 184065, 569180, 967471, 412601, 643096, 183030, 840282, 340131, 440578, 248018, 331578, 103737
461234, 498951, 715167, 555997, 807829, 207913, 145327, 305351, 275703, 481512, 673463, 219410, 973759, 314918, 830210, 536839, 985013, 287443, 268391, 961060, 967140, 523623, 239036, 718536, 828507, 629883, 389065, 987581, 609901, 917604, 145080, 676227, 559576, 421612, 951816, 351701, 375779, 146927, 747296, 952666, 487904, 736176, 271808, 851307, 179601, 895574, 833044, 282140, 392838, 759206, 643330, 841032, 978757, 178526, 224034, 227901, 716707, 933066, 195149, 512673, 547630, 966567, 532878, 988256
185837, 838418, 669430, 356019, 422719, 931980, 374060, 543759, 392800, 499021, 405152, 893511, 340458, 141185, 971168, 932382, 866872, 305731, 570340, 518797, 895078, 143765, 559684, 715309, 135828, 561209, 999210, 470242, 967913, 783535, 765730, 596805, 562261, 592300, 148174, 914284, 387854, 438547, 374901, 955319, 678940, 482579, 335547, 726746, 275696, 850428, 216716, 741538, 169135, 982078, 667634, 208742, 997996, 192225, 768679, 584876, 775155, 340347, 511172, 114324, 297987, 661649, 408087, 302853
520723, 625421, 835219, 169298, 107253, 277240, 528353, 434729, 512055, 540149, 218741, 180664, 799366, 848634, 260220, 884028, 916781, 770603, 482704, 878311, 684508, 790869, 203118, 159821, 895108, 402340, 345471, 969772, 390078, 855745, 269234, 846869, 202379, 621387, 988107, 816187, 506166, 954448, 400276, 752823, 445974, 433545, 929905, 627413, 890960, 114128, 813746, 343839, 791289, 683966, 372802, 908101, 513912, 917285, 255965, 992037, 374538, 616519, 501630, 990460, 271999, 775250, 373749, 444937
428194, 709848, 344152, 377722, 100087, 738415, 509553, 245654, 339868, 771329, 447093, 250950, 773874, 311185, 400500, 329664, 907669, 364971, 616972, 521330, 578054, 805414, 427128, 113320, 335274, 679098, 375366, 866042, 521643, 914360, 540294, 498548, 502300, 509930, 608671, 918051, 638810, 427303, 268379, 917881, 507310, 495859, 310979, 115678, 661647, 311057, 976485, 632723, 132709, 747078, 732273, 608164, 907496, 327692, 277188, 284553, 316551, 989583, 313115, 898936, 200292, 528615, 197961, 726795
247868, 663091, 505731, 603946, 542885, 624590, 711929, 116917, 738960, 506225, 478815, 165553, 824493, 570565, 456874, 716268, 845006, 758915, 143574, 506829, 104516, 108266, 301155, 973981, 679525, 234011, 151809, 715404, 893488, 203476, 392704, 337634, 308519, 657640, 713130, 328355, 601306, 981848, 339084, 223422, 820581, 815536, 614415, 120626, 441839, 798752, 292677, 827646, 245907, 607701, 104703, 541219, 491900, 554388, 171644, 415191, 845322, 704242, 500187, 577673, 255985, 252947, 614993, 759917
736960, 628221, 910838, 679587, 874175, 948856, 724314, 506888, 577521, 789380, 612597, 518520, 558809, 997463, 764700, 307453, 543065, 173970, 673168, 166233, 206806, 918878, 987600, 726893, 461271, 424072, 901582, 213796, 135341, 306423, 203071, 225183, 863628, 641286, 330028, 285373, 478614, 105570, 907910, 550406, 765465, 389697, 841430, 657108, 512367, 540925, 380627, 525023, 937732, 532364, 987180, 973379, 643125, 382653, 957861, 565233, 900691, 462353, 276606, 817743, 515942, 962068, 512719, 395756
132430, 626615, 630032, 157284, 824933, 188843, 322772, 658764, 432929, 648891, 615158, 596603, 261397, 943718, 507628, 992758, 384663, 269272, 645304, 449398, 838908, 780901, 573918, 299543, 627328, 852929, 380015, 779808, 256130, 893823, 150051, 362730, 738507, 494819, 428710, 891790, 872527, 799110, 650505, 881008, 801100, 712870, 988697, 230146, 666319, 869639, 169741, 337622, 868343, 577482, 872056, 997028, 514193, 904041, 484799, 809940, 689570, 399692, 466405, 991017, 913059, 524939, 954465, 200939
831206, 315360, 177105, 471662, 168727, 150887, 181352, 154692, 780830, 203638, 299171, 530140, 461953, 228947, 935481, 287957, 939239, 145783, 486128, 227043, 833751, 522205, 593869, 137276, 897566, 408582, 326691, 592320, 762543, 673388, 473549, 913955, 298948, 680545, 885622, 956729, 521859, 470531, 268853, 511772, 723325, 977854, 727127, 795805, 892496, 765567, 484692, 117445, 566379, 458289, 256452, 175942, 340370, 170038, 606794, 122243, 897399, 584578, 227758, 665080, 488392, 794615, 775561, 770664
759561, 450169, 112729, 558625, 177366, 688750, 688341, 857134, 507978, 892372, 823034, 462009, 990686, 516318, 116579, 886170, 248073, 657900, 638871, 180449, 460229, 420423, 586972, 116956, 426290, 906582, 892074, 166341, 699444, 714399, 886587, 611723, 175896, 878365, 872478, 339484, 275316, 645787, 475690, 874156, 296620, 947498, 937104, 740132, 519088, 311045, 686025, 787882, 471650, 517598, 657262, 494024, 213398, 518532, 660231, 980028, 801331, 669172, 464123, 621756, 734326, 891769, 647014, 482211
597045, 821090, 119017, 209084, 796513, 942302, 249786, 488458, 626788, 104534, 245212, 522098, 588266, 859239, 697450, 481767, 433245, 259514, 945133, 360175, 998312, 439394, 810638, 998838, 169117, 384018, 998564, 697871, 826610, 939320, 227278, 419682, 624837, 229594, 217213, 231479, 837153, 719275, 784425, 940446, 169529, 781034, 314628, 698200, 906256, 763096, 512491, 159365, 141179, 800084, 397080, 360491, 310303, 903892, 327477, 693407, 307156, 429922, 988043, 913844, 806763, 106289, 262936, 815581
420396, 188058, 743103, 628192, 908567, 649015, 196633, 997786, 528108, 702107, 663946, 289033, 168455, 333421, 113327, 797881, 775619, 990143, 517202, 852174, 137887, 120175, 190496, 447467, 237117, 949945, 992594, 932510, 133671, 937270, 914407, 799368, 288813, 437206, 399379, 225484, 147273, 924374, 800784, 782354, 832068, 514973, 297427, 342169, 613393, 597369, 363482, 350519, 666423, 199345, 259137, 116782, 609452, 497958, 940915, 637486, 804316, 444331, 143294, 209120, 659177, 473566, 980639, 130582
418348, 809378, 797181, 881837, 950106, 357178, 346417, 780508, 606787, 208612, 548003, 606460, 669875, 259984, 273328, 152147, 180091, 762812, 363047, 194686, 197578, 324717, 958003, 490779, 254580, 424972, 682098, 868497, 842325, 766650, 521093, 579036, 748687, 400530, 301984, 690328, 336014, 458522, 770913, 387946, 956621, 496676, 812925, 474854, 435410, 373927, 399542, 798464, 572084, 388469, 465993, 416274, 344829, 711001, 937763, 488743, 526410, 538640, 508628, 105250, 629327, 717921, 664347, 263886
277367, 235449, 294849, 297698, 516585, 895559, 686819, 637904, 670727, 938193, 599974, 135659, 478704, 746641, 429135, 307795, 780933, 375664, 747626, 335231, 845289, 301406, 509896, 484709, 605921, 129739, 544902, 865256, 546747, 910436, 374088, 646239, 744331, 571789, 283300, 447358, 562415, 495575, 465787, 645699, 395284, 823423, 662530, 759616, 642643, 288419, 532031, 803552, 640563, 759873, 976304, 823959, 296626, 901838, 889572, 132330, 366270, 757360, 943501, 748312, 931485, 503417, 385357, 431588
921932, 944480, 174733, 437216, 288901, 844798, 160941, 622135, 808281, 544673, 879797, 562711, 836733, 399792, 183754, 881210, 381570, 174364, 677949, 756624, 409788, 872447, 420317, 679530, 700676, 417269, 226253, 657445, 272089, 651443, 518319, 242128, 766721, 918152, 335936, 986972, 243533, 134478, 420189, 634080, 697178, 101453, 427779, 704806, 260852, 579693, 234645, 346902, 836245, 514037, 870742, 352444, 570987, 356965, 631574, 156632, 492760, 752780, 470121, 689538, 635923, 802759, 940275, 749848
342091, 879927, 778656, 820230, 894380, 548894, 192688, 303089, 822778, 790581, 577167, 178464, 689530, 525773, 187555, 436743, 832560, 554592, 622558, 524849, 844963, 222995, 540212, 709929, 994941, 654219, 521734, 619781, 674959, 287688, 258013, 444912, 837297, 820098, 684114, 670547, 285478, 688031, 775305, 865663, 214910, 410511, 447391, 470073, 318357, 106436, 438424, 562498, 671769, 422929, 741531, 121698, 965128, 258845, 232122, 118737, 576856, 461732, 575464, 645666, 552017, 655339, 425711, 930220
440981, 742494, 884378, 855125, 877055, 779367, 248461, 406142, 241737, 188973, 640405, 509285, 670919, 719367, 437913, 334203, 282385, 319099, 887471, 807843, 230399, 646712, 620460, 419523, 900076, 509516, 598387, 990219, 411037, 449475, 613999, 422335, 892827, 257053, 800924, 454210, 619963, 124330, 592223, 451233, 294527, 537412, 396053, 658041, 384214, 229321, 119689, 494662, 590494, 878804, 152895, 336873, 588906, 557815, 867630, 231764, 364734, 520567, 867851, 781141, 700503, 863492, 698336, 891166
622440, 303988, 474651, 607181, 749535, 803035, 818818, 253533, 576870, 197928, 659877, 671559, 923781, 554047, 598828, 214550, 697252, 634606, 861135, 414246, 895694, 776719, 502149, 758168, 427730, 312025, 688627, 392949, 791843, 338339, 721126, 140604, 721055, 480278, 214716, 267178, 660813, 244526, 670941, 385733, 842047, 815117, 588839, 629733, 308119, 896764, 120519, 562912, 574598, 832159, 805123, 520688, 239056, 413011, 664659, 970274, 762027, 283750, 939025, 743006, 769221, 855891, 575046, 395214
662117, 341145, 711779, 719597, 921450, 938935, 905649, 909358, 289585, 918663, 555040, 611558, 311890, 612308, 476988, 591095, 468169, 248921, 132190, 237658, 644626, 740279, 630591, 566535, 589421, 664658, 484007, 503396, 761474, 287849, 578339, 425992, 805630, 342224, 749940, 110059, 482331, 517036, 205700, 586892, 255229, 898122, 618164, 703486, 882169, 634300, 343921, 743024, 502064, 382353, 771430, 885912, 744345, 107984, 598442, 466715, 534269, 980657, 227961, 417627, 829084, 143864, 534849, 685949
553261, 289422, 615795, 838134, 560450, 835230, 480249, 548307, 294698, 717385, 597799, 818113, 164304, 303271, 466858, 826079, 339872, 807899, 308957, 302622, 355882, 564273, 403770, 864305, 268927, 792918, 238253, 280343, 778840, 442484, 187908, 797347, 252631, 360297, 175363, 807716, 250341, 880771, 776629, 522998, 346394, 310650, 930844, 679492, 473530, 939466, 267081, 808311, 596605, 406443, 969255, 558624, 881639, 549806, 313266, 876894, 196502, 908695, 741125, 991053, 931643, 793906, 942609, 483339
970591, 469587, 346249, 243144, 376934, 498766, 461370, 740585, 600465, 630639, 943257, 204313, 578077, 316600, 583028, 612749, 643369, 377909, 862666, 818002, 398102, 537116, 779126, 776566, 494503, 315302, 437446, 903567, 368935, 576613, 547339, 553164, 460969, 637090, 388617, 565750, 542379, 937524, 765134, 144290, 601556, 680222, 459712, 447830, 960732, 912997, 343758, 268853, 193771, 691628, 171656, 123337, 681113, 224623, 609995, 565420, 241077, 515577, 741748, 347571, 381345, 156642, 910998, 362552
206970, 850632, 873159, 648738, 479702, 266632, 464180, 711539, 286822, 178041, 460309, 278350, 373659, 230982, 381724, 861058, 966693, 939206, 905126, 583032, 988790, 157946, 947476, 880181, 787685, 521090, 308403, 549676, 163246, 133436, 779479, 245924, 223446, 465978, 437063, 599776, 920557, 180670, 538321, 950673, 194124, 509429, 440606, 585653, 808158, 377294, 926656, 769065, 514459, 756854, 955016, 640915, 682255, 640465, 542869, 512997, 967194, 166966, 128262, 555534, 576816, 915751, 731473, 172867
330048, 283596, 582380, 891109, 816978, 475659, 703784, 821231, 487242, 344038, 469629, 199743, 137545, 277170, 169568, 637918, 778322, 317519, 306482, 678734, 618474, 822120, 961490, 972015, 777337, 197033, 732563, 271565, 643789, 618488, 149896, 927338, 171677, 227762, 327803, 331844, 377227, 327491, 653373, 832226, 218563, 736864, 118519, 976224, 144160, 284037, 844352, 688885, 291086, 476134, 734023, 500925, 780906, 457332, 765200, 645576, 917829, 770575, 549052, 189502, 473991, 426050, 778048, 360205
958865, 622656, 472024, 271408, 873883, 408504, 853300, 696702, 808795, 165175, 768912, 259309, 168551, 955579, 863138, 878369, 123410, 201008, 865645, 884980, 700498, 312233, 438866, 506179, 504739, 777788, 263494, 197843, 123460, 594874, 471518, 348159, 304510, 536201, 724966, 528831, 198725, 524288, 134738, 746038, 429559, 765183, 291948, 129688, 742786, 558121, 132780, 430326, 697378, 774687, 785798, 614088, 761672, 720890, 249756, 632533, 602038, 936580, 588116, 225186, 452870, 302355, 547397, 976917
396907, 851715, 401547, 569540, 238927, 955919, 838266, 786079, 472187, 570028, 859854, 493559, 213237, 822914, 592385, 216714, 372676, 897320, 102582, 379148, 437007, 109083, 730739, 338674, 948643, 518202, 197068, 221406, 250131, 420481, 314777, 261603, 854650, 660129, 166953, 507988, 601916, 620536, 454928, 813005, 533866, 463858, 191676, 792989, 845604, 945211, 935749, 660495, 534617, 777727, 592099, 657395, 484906, 834369, 345466, 255758, 220877, 490708, 588944, 987067, 104238, 633977, 869855, 995196
815951, 996374, 793509, 659681, 143311, 737359, 552888, 134547, 257289, 757348, 682520, 355550, 321299, 818887, 734717, 455865, 774919, 392376, 319631, 662291, 610559, 740863, 297493, 171868, 270297, 167333, 798085, 657037, 826938, 968687, 803129, 614037, 277135, 661751, 687299, 815265, 792590, 581225, 567991, 338374, 487643, 424600, 334247, 814350, 899719, 864794, 712844, 690909, 219602, 432071, 521631, 206496, 460945, 317737, 703144, 102481, 333419, 962016, 665646, 550568, 672829, 280821, 291341, 225985
681886, 625049, 891782, 700486, 218300, 856025, 779920, 512986, 734053, 779712, 335084, 154754, 937282, 211017, 174710, 723951, 900573, 932895, 551959, 815980, 459236, 952308, 706424, 424608, 931270, 364314, 112273, 355457, 292794, 538209, 681375, 673878, 908735, 258702, 426580, 807270, 940061, 537428, 366727, 166722, 930122, 302161, 426221, 260428, 388713, 299560, 214464, 111395, 110829, 229462, 315963, 840876, 446204, 221427, 359560, 407007, 608142, 137799, 817712, 166090, 185877, 213351, 277138, 641510
629430, 437355, 839727, 559732, 327285, 224813, 165089, 133875, 733519, 245247, 264492, 120674, 616032, 879529, 249197, 536428, 334150, 592415, 856239, 952053, 108189, 128411, 396540, 618527, 245704, 488796, 218384, 919097, 400849, 501178, 353001, 631397, 929064, 438756, 676859, 220485, 162920, 889528, 990689, 442433, 906423, 680767, 124878, 255319, 263436, 757570, 980609, 727583, 623818, 186349, 977174, 767130, 393835, 260031, 654041, 801719, 928888, 107659, 532021, 568417, 919860, 417806, 484683, 550473
513433, 472461, 629278, 928107, 630394, 383306, 762443, 772703, 120551, 775810, 462614, 566303, 572591, 687623, 597856, 608976, 908672, 879285, 917397, 713167, 437514, 456339, 718049, 139033, 239969, 514985, 347427, 839734, 922593, 120216, 673977, 634851, 396396, 229113, 900827, 478683, 261807, 181366, 790628, 641090, 708451, 389439, 835242, 323182, 129230, 301579, 275983, 471218, 997226, 509036, 930192, 565960, 704222, 184204, 619770, 769818, 188072, 478473, 257661, 158925, 238172, 892459, 241881, 880650
825414, 839294, 170005, 152970, 842027, 363665, 216014, 792990, 755726, 501481, 782380, 909912, 953934, 424546, 215537, 728730, 641836, 395460, 528170, 546137, 155627, 223678, 889928, 598029, 297680, 803905, 560232, 257976, 537321, 187387, 564622, 632112, 534250, 320239, 919953, 903979, 461458, 498126, 596559, 888134, 790476, 775668, 296257, 136370, 236785, 936673, 645066, 444891, 517291, 447986, 903209, 473622, 370293, 723483, 527757, 401671, 385406, 976644, 966120, 524109, 966988, 163837, 245372, 861322
268445, 866719, 247315, 459378, 504584, 314849, 946987, 425871, 728130, 809620, 406573, 131278, 867165, 566747, 711966, 859947, 994027, 917130, 874159, 411604, 774368, 354873, 962991, 567548, 593877, 964677, 559457, 291774, 641577, 101349, 177928, 599564, 956194, 860612, 873566, 631475, 221777, 296767, 456740, 232077, 884564, 697148, 134100, 981634, 992948, 416005, 639986, 255931, 109423, 323040, 529953, 603462, 953488, 249068, 167122, 407615, 146586, 586650, 749686, 159617, 140164, 322917, 480661, 914985
333758, 859216, 833336, 660258, 485937, 512219, 995424, 718707, 173541, 148481, 758617, 251649, 240252, 330066, 289545, 187874, 113595, 697223, 451427, 931904, 542441, 451303, 753880, 369829, 663632, 923189, 123437, 470441, 315041, 397172, 771495, 907318, 898036, 936856, 916131, 513076, 301580, 745738, 280258, 454038, 507033, 586328, 741121, 517375, 744343, 968374, 984711, 288498, 318932, 734005, 822872, 571062, 250767, 258462, 149127, 948834, 894652, 529708, 807112, 679658, 400580, 915875, 245859, 181606
866505, 870640, 936004, 535611, 113223, 356287, 863727, 756489, 132693, 734451, 911312, 280849, 959339, 772710, 393937, 819072, 785758, 504221, 327973, 509852, 111399, 220486, 799010, 369129, 679937, 557905, 994604, 888633, 339089, 598024, 864843, 873582, 231616, 512204, 401790, 657613, 880676, 731822, 134185, 782785, 584893, 916679, 121930, 581673, 730011, 496725, 242858, 679295, 829980, 294994, 566287, 721126, 916179, 196434, 312941, 541039, 912388, 827801, 618428, 499208, 503212, 756694, 111749, 101218
351486, 303616, 719063, 617213, 910248, 689548, 134774, 837810, 562228, 346536, 288499, 555421, 105898, 854679, 633686, 797925, 936051, 964586, 437751, 600201, 592664, 456087, 263085, 801736, 629545, 559416, 155166, 665837, 486265, 237762, 422357, 971702, 655175, 764800, 972529, 890943, 447192, 772492, 362586, 364336, 216703, 260010, 828622, 840415, 521310, 280257, 458298, 262307, 937190, 286839, 631396, 579991, 716859, 616072, 402309, 829063, 404563, 938626, 937844, 436187, 291005, 692447, 605597, 179997
835198, 723232, 325681, 958695, 674998, 388003, 338967, 952558, 783841, 875425, 184800, 829445, 199386, 268103, 972632, 465136, 155642, 145294, 531128, 253894, 683582, 176249, 969465, 276897, 649030, 559019, 255459, 707590, 315258, 836194, 401475, 609995, 134503, 982452, 384539, 556138, 994183, 199172, 439955, 282337, 893663, 910913, 183277, 588098, 169218, 631100, 813846, 420926, 822770, 549603, 494905, 773385, 380070, 239679, 815021, 363178, 918503, 463334, 308495, 784546, 490709, 874078, 445738, 714678
738919, 998255, 407570, 396666, 356976, 436164, 881489, 232412, 320700, 410750, 439929, 301675, 445401, 269300, 458648, 601602, 795667, 587146, 863561, 133236, 166264, 596365, 432262, 232309, 577050, 679145, 649691, 406787, 416658, 830791, 991927, 129680, 582306, 511943, 870908, 731757, 899731, 295061, 282997, 355028, 351357, 267659, 687719, 203186, 584165, 621891, 446400, 641807, 102656, 660471, 795852, 286171, 525622, 878007, 621415, 650103, 799106, 305062, 733645, 658270, 279638, 779858, 667212, 484110
